1 0 1 0 3 0 17 0 21 0
3 0 1 0 9 0 21 0 35 0
9 0 3 0 11 0 11 1 35 0 37 0
11 0 9 0 37 0 93 0 109 0
11 1 9 0 37 0 93 1 109 1 109 2
17 0 1 0 18 0 21 0 22 0
18 0 17 0 21 0 22 0 23 0 25 0
21 0 1 0 3 0 17 0 18 0 22 0 35 0 36 0
22 0 17 0 18 0 21 0 23 0 25 0 35 0 36 0 39 0
23 0 18 0 22 0 25 0
25 0 18 0 22 0 23 0 36 0 39 0
35 0 3 0 9 0 21 0 22 0 36 0 37 0 38 0
36 0 21 0 22 0 25 0 35 0 37 0 38 0 39 0 41 0 41 1
37 0 9 0 11 0 11 1 35 0 36 0 38 0 109 0 109 1 109 2 110 0 110 1 110 2
38 0 35 0 36 0 37 0 39 0 41 0 41 1 109 0 109 1 109 2 110 0 110 1 110 2 113 0 113 1
39 0 22 0 25 0 36 0 38 0 41 0 41 1
41 0 36 0 38 0 39 0 110 0 110 1 113 0
41 1 36 0 38 0 39 0 110 2 113 1
93 0 11 0 95 0 109 0 111 0
93 1 11 1 95 1 109 1 109 2 111 1
95 0 93 0 101 0 109 0 111 0 121 0
95 1 93 1 101 1 109 2 111 1 121 1
101 0 95 0 103 0 111 0 121 0 123 0
101 1 95 1 103 1 111 1 121 1 123 1
103 0 101 0 121 0 123 0 173 0 189 0
103 1 101 1 121 1 123 1 173 1 189 1
109 0 11 0 37 0 38 0 93 0 95 0 110 0 111 0 112 0
109 1 11 1 37 0 38 0 93 1 110 1
109 2 11 1 37 0 38 0 93 1 95 1 110 2 111 1 112 1
110 0 37 0 38 0 41 0 109 0 111 0 112 0 113 0 115 0
110 1 37 0 38 0 41 0 109 1 113 0
110 2 37 0 38 0 41 1 109 2 111 1 112 1 113 1 115 1
111 0 93 0 95 0 101 0 109 0 110 0 112 0 121 0 122 0
111 1 93 1 95 1 101 1 109 2 110 2 112 1 121 1 122 1
112 0 109 0 110 0 111 0 113 0 115 0 121 0 122 0 125 0
112 1 109 2 110 2 111 1 113 1 115 1 121 1 122 1 125 1
113 0 38 0 41 0 110 0 110 1 112 0 115 0
113 1 38 0 41 1 110 2 112 1 115 1
115 0 110 0 112 0 113 0 122 0 125 0
115 1 110 2 112 1 113 1 122 1 125 1
121 0 95 0 101 0 103 0 111 0 112 0 122 0 123 0 124 0
121 1 95 1 101 1 103 1 111 1 112 1 122 1 123 1 124 1
122 0 111 0 112 0 115 0 121 0 123 0 124 0 125 0 127 0
122 1 111 1 112 1 115 1 121 1 123 1 124 1 125 1 127 1
123 0 101 0 103 0 121 0 122 0 124 0 173 0 189 0 190 0
123 1 101 1 103 1 121 1 122 1 124 1 173 1 189 1 190 1
124 0 121 0 122 0 123 0 125 0 127 0 189 0 190 0 193 0
124 1 121 1 122 1 123 1 125 1 127 1 189 1 190 1 193 1
125 0 112 0 115 0 122 0 124 0 127 0
125 1 112 1 115 1 122 1 124 1 127 1
127 0 122 0 124 0 125 0 190 0 193 0
127 1 122 1 124 1 125 1 190 1 193 1
173 0 103 0 123 0 175 0 189 0 191 0
173 1 103 1 123 1 175 1 189 1 191 1
175 0 173 0 181 0 189 0 191 0 201 0
175 1 173 1 181 1 189 1 191 1 201 1
181 0 175 0 183 0 191 0 201 0 203 0
181 1 175 1 183 1 191 1 201 1 203 1
183 0 181 0 201 0 203 0 253 0 269 0
183 1 181 1 201 1 203 1 253 0 269 0
189 0 103 0 123 0 124 0 173 0 175 0 190 0 191 0 192 0
189 1 103 1 123 1 124 1 173 1 175 1 190 1 191 1 192 1
190 0 123 0 124 0 127 0 189 0 191 0 192 0 193 0 195 0
190 1 123 1 124 1 127 1 189 1 191 1 192 1 193 1 195 1
191 0 173 0 175 0 181 0 189 0 190 0 192 0 201 0 202 0
191 1 173 1 175 1 181 1 189 1 190 1 192 1 201 1 202 1
192 0 189 0 190 0 191 0 193 0 195 0 201 0 202 0 205 0
192 1 189 1 190 1 191 1 193 1 195 1 201 1 202 1 205 1
193 0 124 0 127 0 190 0 192 0 195 0
193 1 124 1 127 1 190 1 192 1 195 1
195 0 190 0 192 0 193 0 202 0 205 0
195 1 190 1 192 1 193 1 202 1 205 1
201 0 175 0 181 0 183 0 191 0 192 0 202 0 203 0 204 0
201 1 175 1 181 1 183 1 191 1 192 1 202 1 203 1 204 1
202 0 191 0 192 0 195 0 201 0 203 0 204 0 205 0 207 0
202 1 191 1 192 1 195 1 201 1 203 1 204 1 205 1 207 1
203 0 181 0 183 0 201 0 202 0 204 0 269 0
203 1 181 1 183 1 201 1 202 1 204 0 204 1 269 0
204 0 201 0 202 0 203 0 203 1 205 0 207 0 269 0 270 0 273 0
204 1 201 1 202 1 203 1 205 1 207 1 269 0 270 0 273 1
205 0 192 0 195 0 202 0 204 0 207 0
205 1 192 1 195 1 202 1 204 1 207 1
207 0 202 0 204 0 205 0 270 0 273 0
207 1 202 1 204 1 205 1 270 0 273 1
253 0 183 0 183 1 255 0 269 0 271 0
255 0 253 0 261 0 271 0 281 0
261 0 255 0 263 0 281 0
263 0 261 0 283 0
269 0 183 0 183 1 203 0 203 1 204 0 204 1 253 0 270 0 271 0
270 0 204 0 204 1 207 0 207 1 269 0 271 0 272 0 273 0 273 1 275 0
271 0 253 0 255 0 269 0 270 0 272 0 281 0
272 0 270 0 271 0 273 0 273 1 275 0 281 0 282 0 287 0
273 0 204 0 207 0 270 0 272 0 275 0
273 1 204 1 207 1 270 0 272 0 275 0
275 0 270 0 272 0 273 0 273 1 282 0 287 0
281 0 255 0 261 0 271 0 272 0 282 0
282 0 272 0 275 0 281 0 287 0 289 0
283 0 283 0 263 0 284 0
284 0 284 0 283 0 289 0
287 0 272 0 275 0 282 0 289 0
289 0 282 0 284 0 287 0
2 0 2 0 5 0 19 0 27 0
5 0 2 0 6 0 6 1 19 0 27 0 29 0
6 0 5 0 27 0 29 0 47 0
6 1 5 0 27 0 29 0 47 1
19 0 2 0 5 0 20 0 27 0 28 0
20 0 20 0 19 0 24 0 27 0 28 0 31 0
24 0 24 0 20 0 28 0 31 0
27 0 2 0 5 0 6 0 6 1 19 0 20 0 28 0 29 0 30 0
28 0 19 0 20 0 24 0 27 0 29 0 30 0 31 0 32 0 32 1
29 0 5 0 6 0 6 1 27 0 28 0 30 0 47 0 47 1 63 0 64 0
30 0 27 0 28 0 29 0 31 0 32 0 32 1 63 0 64 0 67 0 67 1
31 0 20 0 24 0 28 0 30 0 32 0 32 1
32 0 28 0 30 0 31 0 64 0 67 0
32 1 28 0 30 0 31 0 64 0 67 1
47 0 6 0 29 0 48 0 63 0 65 0
47 1 6 1 29 0 48 0 63 0 65 0
48 0 47 0 47 1 51 0 65 0
51 0 48 0 65 0 71 0
63 0 29 0 30 0 47 0 47 1 64 0 65 0 66 0
64 0 29 0 30 0 32 0 32 1 63 0 65 0 66 0 67 0 67 1 68 0
65 0 47 0 47 1 48 0 51 0 63 0 64 0 66 0 71 0 72 0
66 0 63 0 64 0 65 0 67 0 67 1 68 0 71 0 72 0 77 0
67 0 30 0 32 0 64 0 66 0 68 0
67 1 30 0 32 1 64 0 66 0 68 0
68 0 64 0 66 0 67 0 67 1 72 0 77 0
71 0 51 0 65 0 66 0 72 0
72 0 65 0 66 0 68 0 71 0 77 0
77 0 66 0 68 0 72 0
4 0 4 0 7 0 10 0 13 0
7 0 7 0 4 0 8 0 13 0
8 0 8 0 7 0 13 0 14 0 49 0 55 0
10 0 10 0 4 0 12 0 13 0 15 0
12 0 12 0 10 0 15 0 94 0 97 0 97 1
13 0 4 0 7 0 8 0 10 0 14 0 15 0
14 0 8 0 13 0 15 0 16 0 16 1 55 0 57 0 57 1
15 0 10 0 12 0 13 0 14 0 16 1 97 0 97 1 98 1 98 2
16 0 14 0 55 0 57 0 98 0 133 0
16 1 14 0 15 0 55 0 57 0 57 1 97 0 97 1 98 1 98 2 133 1 133 2
49 0 49 0 8 0 50 0 55 0 56 0
50 0 50 0 49 0 53 0 55 0 56 0
53 0 50 0 56 0 59 0
55 0 8 0 14 0 16 0 16 1 49 0 50 0 56 0 57 0 57 1
56 0 49 0 50 0 53 0 55 0 57 0 58 0 59 0
57 0 14 0 16 0 16 1 55 0 56 0 58 0 98 0 98 1 133 0 133 1
57 1 14 0 16 1 55 0 98 2 133 2
58 0 56 0 57 0 59 0 61 0 133 0 133 1 134 0 134 1 137 0
59 0 53 0 56 0 58 0 61 0
61 0 58 0 59 0 134 0 134 1 137 0
94 0 94 0 12 0 96 0 97 0 97 1 99 0
96 0 96 0 94 0 97 1 99 0 102 0 105 0
97 0 12 0 15 0 16 1 94 0 98 1
97 1 12 0 15 0 16 1 94 0 96 0 98 2 99 0 100 1
98 0 16 0 57 0 100 0 133 0 135 0
98 1 15 0 16 1 57 0 97 0 133 1
98 2 15 0 16 1 57 1 97 1 99 0 100 1 133 2 135 1
99 0 94 0 96 0 97 1 98 2 100 1 102 0 105 0 106 1
100 0 98 0 106 0 133 0 135 0 141 0
100 1 97 1 98 2 99 0 105 0 106 1 133 2 135 1 141 1
102 0 102 0 96 0 99 0 104 0 105 0 107 0
104 0 104 0 102 0 105 0 107 0 174 0 177 0
105 0 96 0 99 0 100 1 102 0 104 0 106 1 107 0 108 1
106 0 100 0 108 0 135 0 141 0 143 0
106 1 99 0 100 1 105 0 107 0 108 1 135 1 141 1 143 1
107 0 102 0 104 0 105 0 106 1 108 1 174 0 177 0 178 1
108 0 106 0 141 0 143 0 178 0 213 0
108 1 105 0 106 1 107 0 141 1 143 1 177 0 178 1 213 1
133 0 16 0 57 0 58 0 98 0 100 0 134 0 135 0 136 0
133 1 16 1 57 0 58 0 98 1 134 1
133 2 16 1 57 1 98 2 100 1 135 1
134 0 58 0 61 0 133 0 135 0 136 0 137 0 139 0
134 1 58 0 61 0 133 1 137 0
135 0 98 0 100 0 106 0 133 0 134 0 136 0 141 0 142 0
135 1 98 2 100 1 106 1 133 2 141 1
136 0 133 0 134 0 135 0 137 0 139 0 141 0 142 0 145 0
137 0 58 0 61 0 134 0 134 1 136 0 139 0
139 0 134 0 136 0 137 0 145 0
141 0 100 0 106 0 108 0 135 0 136 0 142 0 143 0 144 0
141 1 100 1 106 1 108 1 135 1 143 1
142 0 135 0 136 0 141 0 143 0 144 0 145 0 147 0
143 0 106 0 108 0 141 0 142 0 144 0 178 0 213 0 214 0
143 1 106 1 108 1 141 1 178 1 213 1
144 0 141 0 142 0 143 0 145 0 147 0 213 0 214 0 217 0
145 0 136 0 139 0 142 0 144 0 147 0
147 0 142 0 144 0 145 0 214 0 217 0
174 0 174 0 104 0 107 0 176 0 177 0 179 0
176 0 176 0 174 0 177 0 179 0 182 0 185 0
177 0 104 0 107 0 108 1 174 0 176 0 178 1 179 0 180 1
178 0 108 0 143 0 180 0 213 0 215 0
178 1 107 0 108 1 143 1 177 0 179 0 180 1 213 1 215 1
179 0 174 0 176 0 177 0 178 1 180 1 182 0 185 0 186 1
180 0 178 0 186 0 213 0 215 0 221 0
180 1 177 0 178 1 179 0 185 0 186 1 213 1 215 1 221 1
182 0 182 0 176 0 179 0 184 0 185 0 187 0
184 0 184 0 182 0 185 0 187 0 254 0 257 0
185 0 176 0 179 0 180 1 182 0 184 0 186 1 187 0 188 2
186 0 180 0 188 1 215 0 221 0 223 1
186 1 179 0 180 1 185 0 187 0 188 2 215 1 221 1 223 2
187 0 182 0 184 0 185 0 186 1 188 0 188 2 254 0 257 0 258 0
188 0 187 0 223 0 257 0 258 0 299 0
188 1 186 0 221 0 223 1 258 1 299 0
188 2 185 0 186 1 187 0 221 1 223 2 257 0 258 0 299 1
213 0 108 0 143 0 144 0 178 0 180 0 214 0 215 0 216 0
213 1 108 1 143 1 178 1 180 1 215 1
214 0 143 0 144 0 147 0 213 0 215 0 216 0 217 0 219 0
215 0 178 0 180 0 186 0 213 0 214 0 216 0 221 0 222 0
215 1 178 1 180 1 186 1 213 1 221 1
216 0 213 0 214 0 215 0 217 0 219 0 221 0 222 0 225 0
217 0 144 0 147 0 214 0 216 0 219 0
219 0 214 0 216 0 217 0 222 0 225 0
221 0 180 0 186 0 188 1 215 0 216 0 222 0 223 1 224 0
221 1 180 1 186 1 188 2 215 1 223 2
222 0 215 0 216 0 219 0 221 0 223 1 224 0 225 0 227 0
223 0 188 0 224 0 258 0 299 0 300 0
223 1 186 0 188 1 221 0 222 0 224 0 258 1 299 0 300 0
223 2 186 1 188 2 221 1 258 0 299 1
224 0 221 0 222 0 223 0 223 1 225 0 227 0 299 0 300 0 303 0
225 0 216 0 219 0 222 0 224 0 227 0
227 0 222 0 224 0 225 0 300 0 303 0
254 0 254 0 184 0 187 0 256 0 257 0 259 0
256 0 256 0 254 0 257 0 259 0 262 0 265 0
257 0 184 0 187 0 188 0 188 2 254 0 256 0 258 0 259 0 260 0
258 0 187 0 188 0 188 2 223 0 223 2 257 0 259 0 260 0 299 0 299 1 301 0
258 1 188 1 223 1 260 0 299 0 301 0
259 0 254 0 256 0 257 0 258 0 260 0 262 0 265 0 266 0
260 0 257 0 258 0 258 1 259 0 265 0 266 0 299 0 299 1 301 0 307 0
262 0 256 0 259 0 265 0
265 0 256 0 259 0 260 0 262 0 266 0
266 0 259 0 260 0 265 0 301 0 307 0
299 0 188 0 188 1 223 0 223 1 224 0 258 0 258 1 260 0 300 0 301 0 302 0
299 1 188 2 223 2 258 0 260 0 301 0
300 0 223 0 223 1 224 0 227 0 299 0 301 0 302 0 303 0 305 0
301 0 258 0 258 1 260 0 266 0 299 0 299 1 300 0 302 0 307 0 308 0
302 0 299 0 300 0 301 0 303 0 305 0 308 0 311 0
303 0 224 0 227 0 300 0 302 0 305 0
305 0 300 0 302 0 303 0 311 0
307 0 260 0 266 0 301 0 308 0
308 0 301 0 302 0 307 0 311 0
311 0 302 0 305 0 308 0
26 0 26 0 33 0 40 0 43 0
33 0 33 0 26 0 34 0 43 0
34 0 34 0 33 0 43 0 44 0 69 0 81 0
40 0 40 0 26 0 42 0 43 0 45 0
42 0 42 0 40 0 45 0 114 0 117 0 117 1
43 0 26 0 33 0 34 0 40 0 44 0 45 0
44 0 34 0 43 0 45 0 46 0 46 1 69 0 81 0 83 0 83 1
45 0 40 0 42 0 43 0 44 0 46 0 117 0 117 1 118 0 118 2
46 0 44 0 45 0 83 0 83 1 117 0 117 1 118 0 118 2 149 0 149 2
46 1 44 0 83 0 118 1 149 1
69 0 69 0 34 0 44 0 70 0 81 0 82 0
70 0 70 0 69 0 79 0 81 0 82 0 89 0
79 0 70 0 89 0
81 0 34 0 44 0 69 0 70 0 82 0 83 0 83 1 84 0
82 0 69 0 70 0 81 0 84 0 89 0 91 0
83 0 44 0 46 0 46 1 81 0 84 0 118 0 118 1 149 0 149 1
83 1 44 0 46 0 81 0 118 2 149 2
84 0 81 0 82 0 83 0 91 0 149 0 149 1 150 0
89 0 70 0 79 0 82 0 91 0
91 0 82 0 84 0 89 0 150 0 157 0
114 0 114 0 42 0 116 0 117 0 117 1 119 0
116 0 116 0 114 0 117 1 119 0 126 0 129 0
117 0 42 0 45 0 46 0 114 0 118 0
117 1 42 0 45 0 46 0 114 0 116 0 118 2 119 0 120 1
118 0 45 0 46 0 83 0 117 0 149 0
118 1 46 1 83 0 120 0 149 1 151 0
118 2 45 0 46 0 83 1 117 1 119 0 120 1 149 2 151 1
119 0 114 0 116 0 117 1 118 2 120 1 126 0 129 0 130 1
120 0 118 1 130 0 149 1 151 0 161 0
120 1 117 1 118 2 119 0 129 0 130 1 149 2 151 1 161 1
126 0 126 0 116 0 119 0 128 0 129 0 131 0
128 0 128 0 126 0 129 0 131 0 194 0 197 0
129 0 116 0 119 0 120 1 126 0 128 0 130 1 131 0 132 1
130 0 120 0 132 0 151 0 161 0 163 0
130 1 119 0 120 1 129 0 131 0 132 1 151 1 161 1 163 1
131 0 126 0 128 0 129 0 130 1 132 1 194 0 197 0 198 1
132 0 130 0 161 0 163 0 198 0 229 0
132 1 129 0 130 1 131 0 161 1 163 1 197 0 198 1 229 1
149 0 46 0 83 0 84 0 118 0 150 0
149 1 46 1 83 0 84 0 118 1 120 0 150 0 151 0 152 0
149 2 46 0 83 1 118 2 120 1 151 1
150 0 84 0 91 0 149 0 149 1 152 0 157 0 159 0
151 0 118 1 120 0 130 0 149 1 152 0 161 0 162 0
151 1 118 2 120 1 130 1 149 2 161 1
152 0 149 1 150 0 151 0 159 0 161 0 162 0 169 0
157 0 91 0 150 0 159 0
159 0 150 0 152 0 157 0 162 0 169 0
161 0 120 0 130 0 132 0 151 0 152 0 162 0 163 0 164 0
161 1 120 1 130 1 132 1 151 1 163 1
162 0 151 0 152 0 159 0 161 0 163 0 164 0 169 0 171 0
163 0 130 0 132 0 161 0 162 0 164 0 198 0 229 0 230 0
163 1 130 1 132 1 161 1 198 1 229 1
164 0 161 0 162 0 163 0 169 0 171 0 229 0 230 0 237 0
169 0 152 0 159 0 162 0 164 0 171 0
171 0 162 0 164 0 169 0 230 0 237 0
194 0 194 0 128 0 131 0 196 0 197 0 199 0
196 0 196 0 194 0 197 0 199 0 206 0 209 0
197 0 128 0 131 0 132 1 194 0 196 0 198 1 199 0 200 1
198 0 132 0 163 0 200 0 229 0 231 0
198 1 131 0 132 1 163 1 197 0 199 0 200 1 229 1 231 1
199 0 194 0 196 0 197 0 198 1 200 1 206 0 209 0 210 1
200 0 198 0 210 0 229 0 231 0 241 0
200 1 197 0 198 1 199 0 209 0 210 1 229 1 231 1 241 1
206 0 206 0 196 0 199 0 208 0 209 0 211 0
208 0 208 0 206 0 209 0 211 0 274 0 277 0
209 0 196 0 199 0 200 1 206 0 208 0 210 1 211 0 212 2
210 0 200 0 212 0 231 0 241 0 243 0
210 1 199 0 200 1 209 0 211 0 212 2 231 1 241 1 243 2
211 0 206 0 208 0 209 0 210 1 212 1 212 2 274 0 277 0 278 1
212 0 210 0 241 0 243 0 278 0 315 0
212 1 211 0 243 1 277 0 278 1 315 0
212 2 209 0 210 1 211 0 241 1 243 2 277 0 278 1 315 1
229 0 132 0 163 0 164 0 198 0 200 0 230 0 231 0 232 0
229 1 132 1 163 1 198 1 200 1 231 1
230 0 163 0 164 0 171 0 229 0 231 0 232 0 237 0 239 0
231 0 198 0 200 0 210 0 229 0 230 0 232 0 241 0 242 0
231 1 198 1 200 1 210 1 229 1 241 1
232 0 229 0 230 0 231 0 237 0 239 0 241 0 242 0 249 0
237 0 164 0 171 0 230 0 232 0 239 0
239 0 230 0 232 0 237 0 242 0 249 0
241 0 200 0 210 0 212 0 231 0 232 0 242 0 243 0 244 0
241 1 200 1 210 1 212 2 231 1 243 2
242 0 231 0 232 0 239 0 241 0 243 0 244 0 249 0 251 0
243 0 210 0 212 0 241 0 242 0 244 0 278 0 315 0 316 0
243 1 212 1 244 0 278 1 315 0 316 0
243 2 210 1 212 2 241 1 278 1 315 1
244 0 241 0 242 0 243 0 243 1 249 0 251 0 315 0 316 0 323 0
249 0 232 0 239 0 242 0 244 0 251 0
251 0 242 0 244 0 249 0 316 0 323 0
274 0 274 0 208 0 211 0 276 0 277 0 279 0
276 0 276 0 274 0 277 0 279 0 288 0 295 0
277 0 208 0 211 0 212 1 212 2 274 0 276 0 278 1 279 0 280 0
278 0 212 0 243 0 280 0 315 0 317 0
278 1 211 0 212 1 212 2 243 1 243 2 277 0 279 0 280 0 315 0 315 1 317 0
279 0 274 0 276 0 277 0 278 1 280 0 288 0 295 0 296 0
280 0 277 0 278 0 278 1 279 0 295 0 296 0 315 0 315 1 317 0 331 0
288 0 276 0 279 0 295 0
295 0 276 0 279 0 280 0 288 0 296 0
296 0 279 0 280 0 295 0 317 0 331 0
315 0 212 0 212 1 243 0 243 1 244 0 278 0 278 1 280 0 316 0 317 0 318 0
315 1 212 2 243 2 278 1 280 0 317 0
316 0 243 0 243 1 244 0 251 0 315 0 317 0 318 0 323 0 325 0
317 0 278 0 278 1 280 0 296 0 315 0 315 1 316 0 318 0 331 0 332 0
318 0 315 0 316 0 317 0 323 0 325 0 331 0 332 0 341 0
323 0 244 0 251 0 316 0 318 0 325 0
325 0 316 0 318 0 323 0 332 0 341 0
331 0 280 0 296 0 317 0 318 0 332 0
332 0 317 0 318 0 325 0 331 0 341 0
341 0 318 0 325 0 332 0
52 0 52 0 54 0 73 0 75 0
54 0 52 0 60 0 75 0 85 0
60 0 54 0 62 0 62 1 85 0 87 0
62 0 60 0 87 0 138 0 153 0 153 1
62 1 60 0 87 0 138 1 153 2
73 0 73 0 52 0 74 0 75 0 76 0
74 0 74 0 73 0 76 0 78 0
75 0 52 0 54 0 73 0 76 0 85 0 86 0
76 0 73 0 74 0 75 0 78 0 80 0 86 0
78 0 78 0 74 0 76 0 80 0
80 0 76 0 78 0 86 0 90 0
85 0 54 0 60 0 75 0 86 0 87 0 88 0
86 0 75 0 76 0 80 0 85 0 87 0 88 0 90 0
87 0 60 0 62 0 62 1 85 0 86 0 88 0 138 0 138 1 153 0 153 1 153 2 154 0 154 1 154 2
88 0 85 0 86 0 87 0 90 0 92 0 92 1 153 0 153 1 153 2 154 0 154 1 154 2 158 0 158 1
90 0 80 0 86 0 88 0 92 0 92 1
92 0 88 0 90 0 154 0 154 2 158 0
92 1 88 0 90 0 154 1 158 1
138 0 138 0 62 0 87 0 140 0 153 0 153 1 155 0
138 1 138 1 62 1 87 0 140 1 153 2 155 1
140 0 140 0 138 0 146 0 153 1 155 0 165 0
140 1 140 1 138 1 146 1 153 2 155 1 165 1
146 0 146 0 140 0 148 0 155 0 165 0 167 0
146 1 146 1 140 1 148 1 155 1 165 1 167 1
148 0 148 0 146 0 165 0 167 0 218 0 233 0
148 1 148 1 146 1 165 1 167 1 218 1 233 1
153 0 62 0 87 0 88 0 138 0 154 0
153 1 62 0 87 0 88 0 138 0 140 0 154 1 155 0 156 0
153 2 62 1 87 0 88 0 138 1 140 1 154 2 155 1 156 1
154 0 87 0 88 0 92 0 153 0 158 0
154 1 87 0 88 0 92 1 153 1 155 0 156 0 158 1 160 1
154 2 87 0 88 0 92 0 153 2 155 1 156 1 158 0 160 0
155 0 138 0 140 0 146 0 153 1 154 1 156 0 165 0 166 0
155 1 138 1 140 1 146 1 153 2 154 2 156 1 165 1 166 1
156 0 153 1 154 1 155 0 158 1 160 1 165 0 166 0 170 1
156 1 153 2 154 2 155 1 158 0 160 0 165 1 166 1 170 0
158 0 88 0 92 0 154 0 154 2 156 1 160 0
158 1 88 0 92 1 154 1 156 0 160 1
160 0 154 2 156 1 158 0 166 1 170 0
160 1 154 1 156 0 158 1 166 0 170 1
165 0 140 0 146 0 148 0 155 0 156 0 166 0 167 0 168 0
165 1 140 1 146 1 148 1 155 1 156 1 166 1 167 1 168 1
166 0 155 0 156 0 160 1 165 0 167 0 168 0 170 1 172 1
166 1 155 1 156 1 160 0 165 1 167 1 168 1 170 0 172 0
167 0 146 0 148 0 165 0 166 0 168 0 218 0 233 0 234 0
167 1 146 1 148 1 165 1 166 1 168 1 218 1 233 1 234 1
168 0 165 0 166 0 167 0 170 1 172 1 233 0 234 0 238 1
168 1 165 1 166 1 167 1 170 0 172 0 233 1 234 1 238 0
170 0 156 1 160 0 166 1 168 1 172 0
170 1 156 0 160 1 166 0 168 0 172 1
172 0 166 1 168 1 170 0 234 1 238 0
172 1 166 0 168 0 170 1 234 0 238 1
218 0 218 0 148 0 167 0 220 0 233 0 235 0
218 1 218 1 148 1 167 1 220 1 233 1 235 1
220 0 220 0 218 0 226 0 233 0 235 0 245 0
220 1 220 1 218 1 226 1 233 1 235 1 245 1
226 0 226 0 220 0 228 0 235 0 245 0 247 0
226 1 226 1 220 1 228 1 235 1 245 1 247 1
228 0 228 0 226 0 245 0 247 0 304 0 319 0
228 1 228 1 226 1 245 1 247 1 304 1 319 0
233 0 148 0 167 0 168 0 218 0 220 0 234 0 235 0 236 0
233 1 148 1 167 1 168 1 218 1 220 1 234 1 235 1 236 1
234 0 167 0 168 0 172 1 233 0 235 0 236 0 238 1 240 1
234 1 167 1 168 1 172 0 233 1 235 1 236 1 238 0 240 0
235 0 218 0 220 0 226 0 233 0 234 0 236 0 245 0 246 0
235 1 218 1 220 1 226 1 233 1 234 1 236 1 245 1 246 1
236 0 233 0 234 0 235 0 238 1 240 1 245 0 246 0 250 1
236 1 233 1 234 1 235 1 238 0 240 0 245 1 246 1 250 0
238 0 168 1 172 0 234 1 236 1 240 0
238 1 168 0 172 1 234 0 236 0 240 1
240 0 234 1 236 1 238 0 246 1 250 0
240 1 234 0 236 0 238 1 246 0 250 1
245 0 220 0 226 0 228 0 235 0 236 0 246 0 247 0 248 0
245 1 220 1 226 1 228 1 235 1 236 1 246 1 247 1 248 1
246 0 235 0 236 0 240 1 245 0 247 0 248 0 250 1 252 1
246 1 235 1 236 1 240 0 245 1 247 1 248 1 250 0 252 0
247 0 226 0 228 0 245 0 246 0 248 0 248 1 304 0 319 0 320 0
247 1 226 1 228 1 245 1 246 1 248 1 304 1 319 0 320 0
248 0 245 0 246 0 247 0 250 1 252 1 319 0 320 0 324 1
248 1 245 1 246 1 247 0 247 1 250 0 252 0 319 0 320 0 324 0
250 0 236 1 240 0 246 1 248 1 252 0
250 1 236 0 240 1 246 0 248 0 252 1
252 0 246 1 248 1 250 0 320 0 324 0
252 1 246 0 248 0 250 1 320 0 324 1
304 0 304 0 228 0 247 0 306 0 319 0 321 0
304 1 304 1 228 1 247 1 306 0 319 0 321 0
306 0 306 0 304 0 304 1 312 0 319 0 321 0 335 0
312 0 306 0 321 0 335 0
319 0 228 0 228 1 247 0 247 1 248 0 248 1 304 0 304 1 306 0 320 0 321 0 322 0
320 0 247 0 247 1 248 0 248 1 252 0 252 1 319 0 322 0 324 0 324 1
321 0 304 0 304 1 306 0 312 0 319 0 322 0 335 0 336 0
322 0 319 0 320 0 321 0 324 0 324 1 326 0 335 0 336 0 342 0
324 0 248 1 252 0 320 0 322 0 326 0
324 1 248 0 252 1 320 0 322 0 326 0
326 0 322 0 324 0 324 1 336 0 342 0
335 0 306 0 312 0 321 0 322 0 336 0
336 0 321 0 322 0 326 0 335 0 342 0
342 0 322 0 326 0 336 0
264 0 264 0 267 0 285 0 291 0
267 0 264 0 268 0 268 1 291 0 293 0
268 0 268 0 267 0 291 0 293 0 309 0 327 0
268 1 268 1 267 0 291 0 293 0 309 1 327 0
285 0 285 0 264 0 286 0 291 0 292 0
286 0 286 0 285 0 290 0 291 0 292 0
290 0 290 0 286 0 292 0 297 0
291 0 264 0 267 0 268 0 268 1 285 0 286 0 292 0 293 0 294 0
292 0 285 0 286 0 290 0 291 0 293 0 294 0 297 0 298 0 298 1
293 0 267 0 268 0 268 1 291 0 292 0 294 0 309 0 309 1 327 0 328 0
294 0 291 0 292 0 293 0 297 0 298 0 298 1 327 0 328 0 333 0 333 1
297 0 297 0 290 0 292 0 294 0 298 0 298 1
298 0 292 0 294 0 297 0 328 0 333 0
298 1 292 0 294 0 297 0 328 0 333 1
309 0 309 0 268 0 293 0 310 0 327 0 329 0
309 1 309 1 268 1 293 0 310 0 327 0 329 0
310 0 310 0 309 0 309 1 313 0 329 0 337 0
313 0 313 0 310 0 329 0 337 0
327 0 268 0 268 1 293 0 294 0 309 0 309 1 328 0 329 0 330 0
328 0 293 0 294 0 298 0 298 1 327 0 330 0 333 0 333 1 334 0
329 0 309 0 309 1 310 0 313 0 327 0 330 0 337 0 338 0
330 0 327 0 328 0 329 0 333 0 333 1 334 0 337 0 338 0 343 0
333 0 294 0 298 0 328 0 330 0 334 0
333 1 294 0 298 1 328 0 330 0 334 0
334 0 328 0 330 0 333 0 333 1 338 0 343 0
337 0 310 0 313 0 329 0 330 0 338 0
338 0 329 0 330 0 334 0 337 0 343 0
343 0 330 0 334 0 338 0
314 0 314 0 339 0
339 0 339 0 314 0 340 0
340 0 340 0 339 0 344 0
344 0 344 0 340 0
