1 0 0
1 20 0
1 40 0
1 60 0
1 80 0
1 100 0
1 120 0
1 140 0
1 160 0
1 180 0
1 200 0
1 220 0
1 240 0
1 260 0
1 280 0
3 0 0
3 20 0
3 40 0
3 60 0
3 80 0
3 100 0
3 120 0
3 140 0
3 160 0
3 180 0
3 200 0
3 220 0
3 240 0
3 260 0
3 280 0
9 0 0
9 20 0
9 40 0
9 60 0
9 80 0
9 100 0
9 120 0
9 140 0
9 160 0
9 180 0
9 200 0
9 220 0
9 240 0
9 260 0
9 280 0
11 0 0
11 20 0
11 40 0
11 100 1
11 120 1
11 140 1
11 160 1
11 180 1
11 200 1
11 220 1
11 240 1
11 260 1
11 280 1
17 0 0
17 20 0
17 40 0
17 60 0
17 80 0
17 100 0
17 120 0
17 140 0
17 160 0
17 180 0
17 200 0
17 220 0
17 240 0
17 260 0
18 0 0
18 20 0
18 40 0
18 60 0
18 80 0
18 100 0
18 120 0
18 140 0
18 160 0
18 180 0
18 200 0
18 220 0
18 240 0
18 340 0
21 0 0
21 20 0
21 40 0
21 60 0
21 80 0
21 100 0
21 120 0
21 140 0
21 160 0
21 180 0
21 200 0
21 220 0
21 240 0
21 260 0
22 0 0
22 20 0
22 40 0
22 60 0
22 80 0
22 100 0
22 120 0
22 140 0
22 160 0
22 180 0
22 200 0
22 220 0
22 240 0
22 340 0
23 0 0
23 20 0
23 40 0
23 60 0
23 80 0
23 100 0
23 120 0
23 140 0
23 160 0
23 180 0
23 200 0
23 220 0
23 320 0
23 340 0
25 0 0
25 20 0
25 40 0
25 60 0
25 80 0
25 100 0
25 120 0
25 140 0
25 160 0
25 180 0
25 200 0
25 220 0
25 320 0
25 340 0
35 0 0
35 20 0
35 40 0
35 60 0
35 80 0
35 100 0
35 120 0
35 140 0
35 160 0
35 180 0
35 200 0
35 220 0
35 240 0
35 260 0
36 0 0
36 20 0
36 40 0
36 60 0
36 80 0
36 100 0
36 120 0
36 140 0
36 160 0
36 180 0
36 200 0
36 220 0
36 240 0
36 340 0
37 0 0
37 20 0
37 40 0
37 60 0
37 80 0
37 100 0
37 120 0
37 140 0
37 160 0
37 180 0
37 200 0
37 220 0
37 240 0
37 260 0
38 0 0
38 20 0
38 40 0
38 60 0
38 80 0
38 100 0
38 120 0
38 140 0
38 160 0
38 180 0
38 200 0
38 220 0
38 240 0
38 340 0
39 0 0
39 20 0
39 40 0
39 60 0
39 80 0
39 100 0
39 120 0
39 140 0
39 160 0
39 180 0
39 200 0
39 220 0
39 320 0
39 340 0
41 0 0
41 20 0
41 40 0
41 60 0
41 80 0
41 100 0
41 120 0
41 140 0
41 320 0
41 340 0
41 200 1
41 220 1
93 0 0
93 20 0
93 40 0
93 120 1
93 140 1
93 160 1
93 180 1
93 200 1
93 220 1
93 240 1
93 260 1
93 280 1
95 0 0
95 20 0
95 40 0
95 140 1
95 160 1
95 180 1
95 200 1
95 220 1
95 240 1
95 260 1
95 280 1
101 0 0
101 20 0
101 40 0
101 140 1
101 160 1
101 180 1
101 200 1
101 220 1
101 240 1
101 260 1
101 280 1
103 0 0
103 20 0
103 40 0
103 140 1
103 160 1
103 180 1
103 200 1
103 220 1
103 240 1
103 260 1
103 280 1
109 0 0
109 20 0
109 40 0
109 60 0
109 120 1
109 160 2
109 180 2
109 200 2
109 220 2
109 240 2
109 260 2
110 0 0
110 20 0
110 40 0
110 60 0
110 80 0
110 340 0
110 120 1
110 180 2
110 200 2
110 220 2
110 240 2
111 0 0
111 20 0
111 40 0
111 60 0
111 160 1
111 180 1
111 200 1
111 220 1
111 240 1
111 260 1
112 0 0
112 20 0
112 40 0
112 60 0
112 80 0
112 340 0
112 180 1
112 200 1
112 220 1
112 240 1
113 0 0
113 20 0
113 40 0
113 60 0
113 80 0
113 100 0
113 120 0
113 320 0
113 340 0
113 200 1
113 220 1
115 0 0
115 20 0
115 40 0
115 60 0
115 80 0
115 100 0
115 320 0
115 340 0
115 200 1
115 220 1
121 0 0
121 20 0
121 40 0
121 60 0
121 160 1
121 180 1
121 200 1
121 220 1
121 240 1
121 260 1
122 0 0
122 20 0
122 40 0
122 60 0
122 80 0
122 340 0
122 180 1
122 200 1
122 220 1
122 240 1
123 0 0
123 20 0
123 40 0
123 60 0
123 160 1
123 180 1
123 200 1
123 220 1
123 240 1
123 260 1
124 0 0
124 20 0
124 40 0
124 60 0
124 80 0
124 340 0
124 180 1
124 200 1
124 220 1
124 240 1
125 0 0
125 20 0
125 40 0
125 60 0
125 80 0
125 100 0
125 320 0
125 340 0
125 200 1
125 220 1
127 0 0
127 20 0
127 40 0
127 60 0
127 80 0
127 100 0
127 320 0
127 340 0
127 200 1
127 220 1
173 0 0
173 20 0
173 40 0
173 140 1
173 160 1
173 180 1
173 200 1
173 220 1
173 240 1
173 260 1
173 280 1
175 0 0
175 20 0
175 40 0
175 140 1
175 160 1
175 180 1
175 200 1
175 220 1
175 240 1
175 260 1
175 280 1
181 0 0
181 20 0
181 40 0
181 140 1
181 160 1
181 180 1
181 200 1
181 220 1
181 240 1
181 260 1
181 280 1
183 0 0
183 20 0
183 40 0
183 140 1
183 160 1
183 180 1
183 200 1
183 220 1
183 240 1
183 260 1
183 280 1
183 300 1
183 320 1
189 0 0
189 20 0
189 40 0
189 60 0
189 160 1
189 180 1
189 200 1
189 220 1
189 240 1
189 260 1
190 0 0
190 20 0
190 40 0
190 60 0
190 80 0
190 340 0
190 180 1
190 200 1
190 220 1
190 240 1
191 0 0
191 20 0
191 40 0
191 60 0
191 160 1
191 180 1
191 200 1
191 220 1
191 240 1
191 260 1
192 0 0
192 20 0
192 40 0
192 60 0
192 80 0
192 340 0
192 180 1
192 200 1
192 220 1
192 240 1
193 0 0
193 20 0
193 40 0
193 60 0
193 80 0
193 100 0
193 320 0
193 340 0
193 200 1
193 220 1
195 0 0
195 20 0
195 40 0
195 60 0
195 80 0
195 100 0
195 320 0
195 340 0
195 200 1
195 220 1
201 0 0
201 20 0
201 40 0
201 60 0
201 160 1
201 180 1
201 200 1
201 220 1
201 240 1
201 260 1
202 0 0
202 20 0
202 40 0
202 60 0
202 80 0
202 340 0
202 180 1
202 200 1
202 220 1
202 240 1
203 0 0
203 20 0
203 40 0
203 60 0
203 160 1
203 180 1
203 200 1
203 220 1
203 240 1
203 260 1
203 280 1
203 300 1
204 0 0
204 20 0
204 40 0
204 60 0
204 80 0
204 280 0
204 300 0
204 320 0
204 340 0
204 180 1
204 200 1
204 220 1
204 240 1
205 0 0
205 20 0
205 40 0
205 60 0
205 80 0
205 100 0
205 320 0
205 340 0
205 200 1
205 220 1
207 0 0
207 20 0
207 40 0
207 60 0
207 80 0
207 100 0
207 280 0
207 300 0
207 320 0
207 340 0
207 200 1
207 220 1
253 0 0
253 20 0
253 40 0
253 140 0
253 160 0
253 180 0
253 200 0
253 220 0
253 240 0
253 260 0
253 280 0
253 300 0
253 320 0
253 340 0
255 0 0
255 20 0
255 40 0
255 140 0
255 160 0
255 180 0
255 200 0
255 220 0
255 240 0
255 260 0
255 280 0
255 300 0
255 320 0
255 340 0
261 0 0
261 20 0
261 40 0
261 140 0
261 160 0
261 180 0
261 200 0
261 220 0
261 240 0
261 260 0
261 280 0
261 300 0
261 320 0
261 340 0
263 0 0
263 20 0
263 40 0
263 140 0
263 160 0
263 180 0
263 200 0
263 220 0
263 240 0
263 260 0
263 280 0
263 300 0
263 320 0
263 340 0
269 0 0
269 20 0
269 40 0
269 60 0
269 160 0
269 180 0
269 200 0
269 220 0
269 240 0
269 260 0
269 280 0
269 300 0
269 320 0
269 340 0
270 0 0
270 20 0
270 40 0
270 60 0
270 80 0
270 180 0
270 200 0
270 220 0
270 240 0
270 260 0
270 280 0
270 300 0
270 320 0
270 340 0
271 0 0
271 20 0
271 40 0
271 60 0
271 160 0
271 180 0
271 200 0
271 220 0
271 240 0
271 260 0
271 280 0
271 300 0
271 320 0
271 340 0
272 0 0
272 20 0
272 40 0
272 60 0
272 80 0
272 180 0
272 200 0
272 220 0
272 240 0
272 260 0
272 280 0
272 300 0
272 320 0
272 340 0
273 0 0
273 20 0
273 40 0
273 60 0
273 80 0
273 100 0
273 260 0
273 280 0
273 300 0
273 320 0
273 340 0
273 200 1
273 220 1
275 0 0
275 20 0
275 40 0
275 60 0
275 80 0
275 100 0
275 200 0
275 220 0
275 240 0
275 260 0
275 280 0
275 300 0
275 320 0
275 340 0
281 0 0
281 20 0
281 40 0
281 60 0
281 160 0
281 180 0
281 200 0
281 220 0
281 240 0
281 260 0
281 280 0
281 300 0
281 320 0
281 340 0
282 0 0
282 20 0
282 40 0
282 60 0
282 80 0
282 180 0
282 200 0
282 220 0
282 240 0
282 260 0
282 280 0
282 300 0
282 320 0
282 340 0
283 0 0
283 20 0
283 40 0
283 60 0
283 160 0
283 180 0
283 200 0
283 220 0
283 240 0
283 260 0
283 280 0
283 300 0
283 320 0
283 340 0
284 0 0
284 20 0
284 40 0
284 60 0
284 80 0
284 180 0
284 200 0
284 220 0
284 240 0
284 260 0
284 280 0
284 300 0
284 320 0
284 340 0
287 0 0
287 20 0
287 40 0
287 60 0
287 80 0
287 100 0
287 200 0
287 220 0
287 240 0
287 260 0
287 280 0
287 300 0
287 320 0
287 340 0
289 0 0
289 20 0
289 40 0
289 60 0
289 80 0
289 100 0
289 200 0
289 220 0
289 240 0
289 260 0
289 280 0
289 300 0
289 320 0
289 340 0
2 0 0
2 20 0
2 120 0
2 140 0
2 160 0
2 180 0
2 200 0
2 220 0
2 240 0
2 260 0
2 280 0
2 300 0
2 320 0
2 340 0
5 0 0
5 20 0
5 120 0
5 140 0
5 160 0
5 180 0
5 200 0
5 220 0
5 240 0
5 260 0
5 280 0
5 300 0
5 320 0
5 340 0
6 0 0
6 20 0
6 340 0
6 80 1
6 100 1
6 120 1
6 140 1
6 160 1
6 180 1
6 200 1
6 220 1
6 240 1
6 260 1
6 280 1
6 300 1
19 0 0
19 20 0
19 40 0
19 120 0
19 140 0
19 160 0
19 180 0
19 200 0
19 220 0
19 240 0
19 260 0
19 280 0
19 300 0
19 320 0
19 340 0
20 0 0
20 20 0
20 40 0
20 140 0
20 160 0
20 180 0
20 200 0
20 220 0
20 240 0
20 260 0
20 280 0
20 300 0
20 320 0
20 340 0
24 0 0
24 20 0
24 40 0
24 60 0
24 160 0
24 180 0
24 200 0
24 220 0
24 240 0
24 260 0
24 280 0
24 300 0
24 320 0
24 340 0
27 0 0
27 20 0
27 40 0
27 120 0
27 140 0
27 160 0
27 180 0
27 200 0
27 220 0
27 240 0
27 260 0
27 280 0
27 300 0
27 320 0
27 340 0
28 0 0
28 20 0
28 40 0
28 140 0
28 160 0
28 180 0
28 200 0
28 220 0
28 240 0
28 260 0
28 280 0
28 300 0
28 320 0
28 340 0
29 0 0
29 20 0
29 40 0
29 80 0
29 100 0
29 120 0
29 140 0
29 160 0
29 180 0
29 200 0
29 220 0
29 240 0
29 260 0
29 280 0
29 300 0
29 320 0
29 340 0
30 0 0
30 20 0
30 40 0
30 60 0
30 80 0
30 100 0
30 140 0
30 160 0
30 180 0
30 200 0
30 220 0
30 240 0
30 260 0
30 280 0
30 300 0
30 320 0
30 340 0
31 0 0
31 20 0
31 40 0
31 60 0
31 160 0
31 180 0
31 200 0
31 220 0
31 240 0
31 260 0
31 280 0
31 300 0
31 320 0
31 340 0
32 0 0
32 20 0
32 40 0
32 60 0
32 80 0
32 100 0
32 240 0
32 260 0
32 280 0
32 300 0
32 320 0
32 340 0
32 160 1
32 180 1
32 200 1
47 0 0
47 20 0
47 340 0
47 60 1
47 80 1
47 100 1
47 120 1
47 140 1
47 160 1
47 180 1
47 200 1
47 220 1
47 240 1
47 260 1
47 280 1
48 0 0
48 20 0
48 40 0
48 60 0
48 80 0
48 100 0
48 120 0
48 140 0
48 160 0
48 180 0
48 200 0
48 220 0
48 240 0
48 340 0
51 0 0
51 20 0
51 40 0
51 60 0
51 80 0
51 100 0
51 120 0
51 140 0
51 160 0
51 180 0
51 200 0
51 220 0
51 240 0
51 340 0
63 0 0
63 20 0
63 40 0
63 60 0
63 80 0
63 100 0
63 120 0
63 140 0
63 160 0
63 180 0
63 200 0
63 220 0
63 240 0
63 260 0
63 280 0
63 320 0
63 340 0
64 0 0
64 20 0
64 40 0
64 60 0
64 80 0
64 100 0
64 120 0
64 140 0
64 160 0
64 180 0
64 200 0
64 220 0
64 260 0
64 280 0
64 300 0
64 320 0
64 340 0
65 0 0
65 20 0
65 40 0
65 60 0
65 80 0
65 100 0
65 120 0
65 140 0
65 160 0
65 180 0
65 200 0
65 220 0
65 240 0
65 320 0
65 340 0
66 0 0
66 20 0
66 40 0
66 60 0
66 80 0
66 100 0
66 120 0
66 140 0
66 160 0
66 180 0
66 200 0
66 220 0
66 320 0
66 340 0
67 0 0
67 20 0
67 40 0
67 60 0
67 80 0
67 100 0
67 120 0
67 260 0
67 280 0
67 300 0
67 320 0
67 340 0
67 160 1
67 180 1
67 200 1
68 0 0
68 20 0
68 40 0
68 60 0
68 80 0
68 100 0
68 120 0
68 140 0
68 160 0
68 180 0
68 200 0
68 300 0
68 320 0
68 340 0
71 0 0
71 20 0
71 40 0
71 60 0
71 80 0
71 100 0
71 120 0
71 140 0
71 160 0
71 180 0
71 200 0
71 220 0
71 240 0
71 320 0
71 340 0
72 0 0
72 20 0
72 40 0
72 60 0
72 80 0
72 100 0
72 120 0
72 140 0
72 160 0
72 180 0
72 200 0
72 220 0
72 320 0
72 340 0
77 0 0
77 20 0
77 40 0
77 60 0
77 80 0
77 100 0
77 120 0
77 140 0
77 160 0
77 180 0
77 200 0
77 300 0
77 320 0
77 340 0
4 120 0
4 140 0
4 160 0
4 180 0
4 200 0
4 220 0
4 240 0
4 260 0
4 280 0
4 300 0
4 320 0
4 340 0
7 120 0
7 140 0
7 160 0
7 180 0
7 200 0
7 220 0
7 240 0
7 260 0
7 280 0
7 300 0
7 320 0
8 80 0
8 100 0
8 120 0
8 140 0
8 160 0
8 180 0
8 200 0
8 220 0
8 240 0
8 260 0
8 280 0
8 300 0
10 140 0
10 160 0
10 180 0
10 200 0
10 220 0
10 240 0
10 260 0
10 280 0
10 300 0
10 320 0
10 340 0
12 160 0
12 180 0
12 200 0
12 220 0
12 240 0
12 260 0
12 280 0
12 300 0
12 320 0
12 340 0
13 140 0
13 160 0
13 180 0
13 200 0
13 220 0
13 240 0
13 260 0
13 280 0
13 300 0
13 320 0
14 80 0
14 100 0
14 120 0
14 140 0
14 160 0
14 180 0
14 200 0
14 220 0
14 240 0
14 260 0
14 280 0
14 300 0
15 160 0
15 180 0
15 200 0
15 220 0
15 240 0
15 260 0
15 280 0
15 300 0
15 320 0
16 80 0
16 100 0
16 160 1
16 180 1
16 200 1
16 220 1
16 240 1
16 260 1
16 280 1
16 300 1
49 60 0
49 80 0
49 100 0
49 120 0
49 140 0
49 160 0
49 180 0
49 200 0
49 220 0
49 240 0
49 260 0
49 280 0
50 40 0
50 60 0
50 80 0
50 100 0
50 120 0
50 140 0
50 160 0
50 180 0
50 200 0
50 220 0
50 240 0
53 20 0
53 40 0
53 60 0
53 80 0
53 100 0
53 120 0
53 140 0
53 160 0
53 180 0
53 200 0
53 220 0
53 240 0
55 60 0
55 80 0
55 100 0
55 120 0
55 140 0
55 160 0
55 180 0
55 200 0
55 220 0
55 240 0
55 260 0
55 280 0
56 40 0
56 60 0
56 80 0
56 100 0
56 120 0
56 140 0
56 160 0
56 180 0
56 200 0
56 220 0
57 60 0
57 80 0
57 100 0
57 120 0
57 140 0
57 160 0
57 180 0
57 200 0
57 260 1
57 280 1
58 40 0
58 60 0
58 80 0
58 100 0
58 120 0
58 140 0
58 160 0
58 180 0
58 200 0
59 20 0
59 40 0
59 60 0
59 80 0
59 100 0
59 120 0
59 140 0
59 160 0
59 180 0
59 200 0
59 220 0
61 20 0
61 40 0
61 60 0
61 80 0
61 100 0
61 120 0
61 140 0
61 160 0
61 180 0
61 200 0
94 180 0
94 200 0
94 220 0
94 240 0
94 260 0
94 280 0
94 300 0
94 320 0
94 340 0
96 200 0
96 220 0
96 240 0
96 260 0
96 280 0
96 300 0
96 320 0
96 340 0
97 180 0
97 220 1
97 240 1
97 260 1
97 280 1
97 300 1
97 320 1
98 80 0
98 100 0
98 180 1
98 240 2
98 260 2
98 280 2
98 300 2
99 220 0
99 240 0
99 260 0
99 280 0
99 300 0
99 320 0
100 80 0
100 100 0
100 240 1
100 260 1
100 280 1
100 300 1
102 200 0
102 220 0
102 240 0
102 260 0
102 280 0
102 300 0
102 320 0
102 340 0
104 200 0
104 220 0
104 240 0
104 260 0
104 280 0
104 300 0
104 320 0
104 340 0
105 220 0
105 240 0
105 260 0
105 280 0
105 300 0
105 320 0
106 80 0
106 100 0
106 240 1
106 260 1
106 280 1
106 300 1
107 220 0
107 240 0
107 260 0
107 280 0
107 300 0
107 320 0
108 80 0
108 100 0
108 240 1
108 260 1
108 280 1
108 300 1
133 60 0
133 80 0
133 100 0
133 120 0
133 180 1
133 260 2
133 280 2
134 40 0
134 60 0
134 80 0
134 100 0
134 120 0
134 140 0
134 180 1
135 60 0
135 80 0
135 100 0
135 120 0
135 260 1
135 280 1
136 40 0
136 60 0
136 80 0
136 100 0
136 120 0
136 140 0
137 20 0
137 40 0
137 60 0
137 80 0
137 100 0
137 120 0
137 140 0
137 160 0
137 180 0
139 20 0
139 40 0
139 60 0
139 80 0
139 100 0
139 120 0
139 140 0
139 160 0
141 60 0
141 80 0
141 100 0
141 120 0
141 260 1
141 280 1
142 40 0
142 60 0
142 80 0
142 100 0
142 120 0
142 140 0
143 60 0
143 80 0
143 100 0
143 120 0
143 260 1
143 280 1
144 40 0
144 60 0
144 80 0
144 100 0
144 120 0
144 140 0
145 20 0
145 40 0
145 60 0
145 80 0
145 100 0
145 120 0
145 140 0
145 160 0
147 20 0
147 40 0
147 60 0
147 80 0
147 100 0
147 120 0
147 140 0
147 160 0
174 200 0
174 220 0
174 240 0
174 260 0
174 280 0
174 300 0
174 320 0
174 340 0
176 200 0
176 220 0
176 240 0
176 260 0
176 280 0
176 300 0
176 320 0
176 340 0
177 220 0
177 240 0
177 260 0
177 280 0
177 300 0
177 320 0
178 80 0
178 100 0
178 240 1
178 260 1
178 280 1
178 300 1
179 220 0
179 240 0
179 260 0
179 280 0
179 300 0
179 320 0
180 80 0
180 100 0
180 240 1
180 260 1
180 280 1
180 300 1
182 200 0
182 220 0
182 240 0
182 260 0
182 280 0
182 300 0
182 320 0
182 340 0
184 0 0
184 20 0
184 200 0
184 220 0
184 240 0
184 260 0
184 280 0
184 300 0
184 320 0
184 340 0
185 220 0
185 240 0
185 260 0
185 280 0
185 300 0
185 320 0
186 80 0
186 100 0
186 240 1
186 260 1
186 280 1
186 300 1
187 0 0
187 20 0
187 220 0
187 240 0
187 260 0
187 280 0
187 300 0
187 320 0
187 340 0
188 0 0
188 20 0
188 340 0
188 80 1
188 100 1
188 240 2
188 260 2
188 280 2
188 300 2
213 60 0
213 80 0
213 100 0
213 120 0
213 260 1
213 280 1
214 40 0
214 60 0
214 80 0
214 100 0
214 120 0
214 140 0
215 60 0
215 80 0
215 100 0
215 120 0
215 260 1
215 280 1
216 40 0
216 60 0
216 80 0
216 100 0
216 120 0
216 140 0
217 20 0
217 40 0
217 60 0
217 80 0
217 100 0
217 120 0
217 140 0
217 160 0
219 20 0
219 40 0
219 60 0
219 80 0
219 100 0
219 120 0
219 140 0
219 160 0
221 60 0
221 80 0
221 100 0
221 120 0
221 260 1
221 280 1
222 40 0
222 60 0
222 80 0
222 100 0
222 120 0
222 140 0
223 0 0
223 20 0
223 340 0
223 60 1
223 80 1
223 100 1
223 120 1
223 260 2
223 280 2
224 0 0
224 20 0
224 40 0
224 60 0
224 80 0
224 100 0
224 120 0
224 140 0
224 340 0
225 20 0
225 40 0
225 60 0
225 80 0
225 100 0
225 120 0
225 140 0
225 160 0
227 0 0
227 20 0
227 40 0
227 60 0
227 80 0
227 100 0
227 120 0
227 140 0
227 160 0
227 340 0
254 0 0
254 20 0
254 40 0
254 200 0
254 220 0
254 240 0
254 260 0
254 280 0
254 300 0
254 320 0
254 340 0
256 0 0
256 20 0
256 40 0
256 200 0
256 220 0
256 240 0
256 260 0
256 280 0
256 300 0
256 320 0
256 340 0
257 0 0
257 20 0
257 40 0
257 220 0
257 240 0
257 260 0
257 280 0
257 300 0
257 320 0
257 340 0
258 0 0
258 20 0
258 40 0
258 240 0
258 260 0
258 280 0
258 300 0
258 320 0
258 340 0
258 80 1
258 100 1
259 0 0
259 20 0
259 40 0
259 220 0
259 240 0
259 260 0
259 280 0
259 300 0
259 320 0
259 340 0
260 0 0
260 20 0
260 40 0
260 60 0
260 80 0
260 100 0
260 240 0
260 260 0
260 280 0
260 300 0
260 320 0
260 340 0
262 0 0
262 20 0
262 40 0
262 60 0
262 200 0
262 220 0
262 240 0
262 260 0
262 280 0
262 300 0
262 320 0
262 340 0
265 0 0
265 20 0
265 40 0
265 60 0
265 220 0
265 240 0
265 260 0
265 280 0
265 300 0
265 320 0
265 340 0
266 0 0
266 20 0
266 40 0
266 60 0
266 80 0
266 100 0
266 240 0
266 260 0
266 280 0
266 300 0
266 320 0
266 340 0
299 0 0
299 20 0
299 40 0
299 60 0
299 80 0
299 100 0
299 120 0
299 320 0
299 340 0
299 260 1
299 280 1
300 0 0
300 20 0
300 40 0
300 60 0
300 80 0
300 100 0
300 120 0
300 140 0
300 320 0
300 340 0
301 0 0
301 20 0
301 40 0
301 60 0
301 80 0
301 100 0
301 120 0
301 260 0
301 280 0
301 300 0
301 320 0
301 340 0
302 0 0
302 20 0
302 40 0
302 60 0
302 80 0
302 100 0
302 120 0
302 140 0
302 320 0
302 340 0
303 0 0
303 20 0
303 40 0
303 60 0
303 80 0
303 100 0
303 120 0
303 140 0
303 160 0
303 320 0
303 340 0
305 0 0
305 20 0
305 40 0
305 60 0
305 80 0
305 100 0
305 120 0
305 140 0
305 160 0
305 320 0
305 340 0
307 0 0
307 20 0
307 40 0
307 60 0
307 80 0
307 100 0
307 120 0
307 260 0
307 280 0
307 300 0
307 320 0
307 340 0
308 0 0
308 20 0
308 40 0
308 60 0
308 80 0
308 100 0
308 120 0
308 140 0
308 300 0
308 320 0
308 340 0
311 0 0
311 20 0
311 40 0
311 60 0
311 80 0
311 100 0
311 120 0
311 140 0
311 160 0
311 300 0
311 320 0
311 340 0
26 0 0
26 20 0
26 40 0
26 60 0
26 200 0
26 220 0
26 240 0
26 260 0
26 280 0
26 300 0
26 320 0
26 340 0
33 0 0
33 20 0
33 40 0
33 60 0
33 220 0
33 240 0
33 260 0
33 280 0
33 300 0
33 320 0
33 340 0
34 0 0
34 20 0
34 40 0
34 60 0
34 80 0
34 100 0
34 240 0
34 260 0
34 280 0
34 300 0
34 320 0
34 340 0
40 0 0
40 20 0
40 40 0
40 200 0
40 220 0
40 240 0
40 260 0
40 280 0
40 300 0
40 320 0
40 340 0
42 0 0
42 20 0
42 200 0
42 220 0
42 240 0
42 260 0
42 280 0
42 300 0
42 320 0
42 340 0
43 0 0
43 20 0
43 40 0
43 220 0
43 240 0
43 260 0
43 280 0
43 300 0
43 320 0
43 340 0
44 0 0
44 20 0
44 40 0
44 60 0
44 80 0
44 100 0
44 240 0
44 260 0
44 280 0
44 300 0
44 320 0
44 340 0
45 0 0
45 20 0
45 220 0
45 240 0
45 260 0
45 280 0
45 300 0
45 320 0
45 340 0
46 0 0
46 20 0
46 240 0
46 260 0
46 280 0
46 300 0
46 320 0
46 340 0
46 80 1
46 100 1
69 0 0
69 20 0
69 40 0
69 60 0
69 80 0
69 100 0
69 120 0
69 260 0
69 280 0
69 300 0
69 320 0
69 340 0
70 0 0
70 20 0
70 40 0
70 60 0
70 80 0
70 100 0
70 120 0
70 140 0
70 300 0
70 320 0
70 340 0
79 0 0
79 20 0
79 40 0
79 60 0
79 80 0
79 100 0
79 120 0
79 140 0
79 160 0
79 300 0
79 320 0
79 340 0
81 0 0
81 20 0
81 40 0
81 60 0
81 80 0
81 100 0
81 120 0
81 260 0
81 280 0
81 300 0
81 320 0
81 340 0
82 0 0
82 20 0
82 40 0
82 60 0
82 80 0
82 100 0
82 120 0
82 140 0
82 320 0
82 340 0
83 0 0
83 20 0
83 40 0
83 60 0
83 80 0
83 100 0
83 120 0
83 340 0
83 260 1
83 280 1
84 0 0
84 20 0
84 40 0
84 60 0
84 80 0
84 100 0
84 120 0
84 140 0
84 340 0
89 0 0
89 20 0
89 40 0
89 60 0
89 80 0
89 100 0
89 120 0
89 140 0
89 160 0
89 320 0
89 340 0
91 0 0
91 20 0
91 40 0
91 60 0
91 80 0
91 100 0
91 120 0
91 140 0
91 160 0
91 340 0
114 0 0
114 200 0
114 220 0
114 240 0
114 260 0
114 280 0
114 300 0
114 320 0
114 340 0
116 200 0
116 220 0
116 240 0
116 260 0
116 280 0
116 300 0
116 320 0
116 340 0
117 0 0
117 220 1
117 240 1
117 260 1
117 280 1
117 300 1
117 320 1
118 0 0
118 80 1
118 100 1
118 240 2
118 260 2
118 280 2
118 300 2
119 220 0
119 240 0
119 260 0
119 280 0
119 300 0
119 320 0
120 80 0
120 100 0
120 240 1
120 260 1
120 280 1
120 300 1
126 200 0
126 220 0
126 240 0
126 260 0
126 280 0
126 300 0
126 320 0
126 340 0
128 200 0
128 220 0
128 240 0
128 260 0
128 280 0
128 300 0
128 320 0
128 340 0
129 220 0
129 240 0
129 260 0
129 280 0
129 300 0
129 320 0
130 80 0
130 100 0
130 240 1
130 260 1
130 280 1
130 300 1
131 220 0
131 240 0
131 260 0
131 280 0
131 300 0
131 320 0
132 80 0
132 100 0
132 240 1
132 260 1
132 280 1
132 300 1
149 0 0
149 60 1
149 80 1
149 100 1
149 120 1
149 260 2
149 280 2
150 0 0
150 20 0
150 40 0
150 60 0
150 80 0
150 100 0
150 120 0
150 140 0
151 60 0
151 80 0
151 100 0
151 120 0
151 260 1
151 280 1
152 40 0
152 60 0
152 80 0
152 100 0
152 120 0
152 140 0
157 0 0
157 20 0
157 40 0
157 60 0
157 80 0
157 100 0
157 120 0
157 140 0
157 160 0
159 20 0
159 40 0
159 60 0
159 80 0
159 100 0
159 120 0
159 140 0
159 160 0
161 60 0
161 80 0
161 100 0
161 120 0
161 260 1
161 280 1
162 40 0
162 60 0
162 80 0
162 100 0
162 120 0
162 140 0
163 60 0
163 80 0
163 100 0
163 120 0
163 260 1
163 280 1
164 40 0
164 60 0
164 80 0
164 100 0
164 120 0
164 140 0
169 20 0
169 40 0
169 60 0
169 80 0
169 100 0
169 120 0
169 140 0
169 160 0
171 20 0
171 40 0
171 60 0
171 80 0
171 100 0
171 120 0
171 140 0
171 160 0
194 200 0
194 220 0
194 240 0
194 260 0
194 280 0
194 300 0
194 320 0
194 340 0
196 200 0
196 220 0
196 240 0
196 260 0
196 280 0
196 300 0
196 320 0
196 340 0
197 220 0
197 240 0
197 260 0
197 280 0
197 300 0
197 320 0
198 80 0
198 100 0
198 240 1
198 260 1
198 280 1
198 300 1
199 220 0
199 240 0
199 260 0
199 280 0
199 300 0
199 320 0
200 80 0
200 100 0
200 240 1
200 260 1
200 280 1
200 300 1
206 200 0
206 220 0
206 240 0
206 260 0
206 280 0
206 300 0
206 320 0
206 340 0
208 160 0
208 180 0
208 200 0
208 220 0
208 240 0
208 260 0
208 280 0
208 300 0
208 320 0
208 340 0
209 220 0
209 240 0
209 260 0
209 280 0
209 300 0
209 320 0
210 80 0
210 100 0
210 240 1
210 260 1
210 280 1
210 300 1
211 160 0
211 180 0
211 200 0
211 220 0
211 240 0
211 260 0
211 280 0
211 300 0
211 320 0
212 80 0
212 100 0
212 160 1
212 180 1
212 200 1
212 240 2
212 260 2
212 280 2
212 300 2
229 60 0
229 80 0
229 100 0
229 120 0
229 260 1
229 280 1
230 40 0
230 60 0
230 80 0
230 100 0
230 120 0
230 140 0
231 60 0
231 80 0
231 100 0
231 120 0
231 260 1
231 280 1
232 40 0
232 60 0
232 80 0
232 100 0
232 120 0
232 140 0
237 20 0
237 40 0
237 60 0
237 80 0
237 100 0
237 120 0
237 140 0
237 160 0
239 20 0
239 40 0
239 60 0
239 80 0
239 100 0
239 120 0
239 140 0
239 160 0
241 60 0
241 80 0
241 100 0
241 120 0
241 260 1
241 280 1
242 40 0
242 60 0
242 80 0
242 100 0
242 120 0
242 140 0
243 60 0
243 80 0
243 100 0
243 120 0
243 160 1
243 180 1
243 200 1
243 260 2
243 280 2
244 40 0
244 60 0
244 80 0
244 100 0
244 120 0
244 140 0
244 160 0
244 180 0
244 200 0
249 20 0
249 40 0
249 60 0
249 80 0
249 100 0
249 120 0
249 140 0
249 160 0
251 20 0
251 40 0
251 60 0
251 80 0
251 100 0
251 120 0
251 140 0
251 160 0
251 180 0
251 200 0
274 140 0
274 160 0
274 180 0
274 200 0
274 220 0
274 240 0
274 260 0
274 280 0
274 300 0
274 320 0
274 340 0
276 140 0
276 160 0
276 180 0
276 200 0
276 220 0
276 240 0
276 260 0
276 280 0
276 300 0
276 320 0
276 340 0
277 140 0
277 160 0
277 180 0
277 200 0
277 220 0
277 240 0
277 260 0
277 280 0
277 300 0
277 320 0
278 80 0
278 100 0
278 140 1
278 160 1
278 180 1
278 200 1
278 220 1
278 240 1
278 260 1
278 280 1
278 300 1
279 140 0
279 160 0
279 180 0
279 200 0
279 220 0
279 240 0
279 260 0
279 280 0
279 300 0
279 320 0
280 80 0
280 100 0
280 120 0
280 140 0
280 160 0
280 180 0
280 200 0
280 220 0
280 240 0
280 260 0
280 280 0
280 300 0
288 120 0
288 140 0
288 160 0
288 180 0
288 200 0
288 220 0
288 240 0
288 260 0
288 280 0
288 300 0
288 320 0
288 340 0
295 120 0
295 140 0
295 160 0
295 180 0
295 200 0
295 220 0
295 240 0
295 260 0
295 280 0
295 300 0
295 320 0
296 80 0
296 100 0
296 120 0
296 140 0
296 160 0
296 180 0
296 200 0
296 220 0
296 240 0
296 260 0
296 280 0
296 300 0
315 60 0
315 80 0
315 100 0
315 120 0
315 140 0
315 160 0
315 180 0
315 200 0
315 220 0
315 260 1
315 280 1
316 40 0
316 60 0
316 80 0
316 100 0
316 120 0
316 140 0
316 160 0
316 180 0
316 200 0
316 220 0
317 60 0
317 80 0
317 100 0
317 120 0
317 140 0
317 160 0
317 180 0
317 200 0
317 220 0
317 240 0
317 260 0
317 280 0
318 40 0
318 60 0
318 80 0
318 100 0
318 120 0
318 140 0
318 160 0
318 180 0
318 200 0
318 220 0
323 20 0
323 40 0
323 60 0
323 80 0
323 100 0
323 120 0
323 140 0
323 160 0
323 180 0
323 200 0
323 220 0
325 20 0
325 40 0
325 60 0
325 80 0
325 100 0
325 120 0
325 140 0
325 160 0
325 180 0
325 200 0
325 220 0
331 60 0
331 80 0
331 100 0
331 120 0
331 140 0
331 160 0
331 180 0
331 200 0
331 220 0
331 240 0
331 260 0
331 280 0
332 40 0
332 60 0
332 80 0
332 100 0
332 120 0
332 140 0
332 160 0
332 180 0
332 200 0
332 220 0
332 240 0
341 20 0
341 40 0
341 60 0
341 80 0
341 100 0
341 120 0
341 140 0
341 160 0
341 180 0
341 200 0
341 220 0
341 240 0
52 0 0
52 20 0
52 40 0
52 60 0
52 80 0
52 100 0
52 120 0
52 140 0
52 160 0
52 180 0
52 280 0
52 300 0
52 320 0
52 340 0
54 0 0
54 20 0
54 40 0
54 60 0
54 80 0
54 100 0
54 120 0
54 140 0
54 160 0
54 180 0
54 280 0
54 300 0
54 320 0
54 340 0
60 0 0
60 20 0
60 40 0
60 60 0
60 80 0
60 100 0
60 120 0
60 140 0
60 160 0
60 180 0
60 280 0
60 300 0
60 320 0
60 340 0
62 0 0
62 20 0
62 40 0
62 60 0
62 80 0
62 100 0
62 120 0
62 140 0
62 160 0
62 180 0
62 280 1
62 300 1
73 0 0
73 20 0
73 40 0
73 60 0
73 80 0
73 100 0
73 120 0
73 140 0
73 160 0
73 260 0
73 280 0
73 300 0
73 320 0
73 340 0
74 0 0
74 20 0
74 40 0
74 60 0
74 80 0
74 100 0
74 120 0
74 140 0
74 240 0
74 260 0
74 280 0
74 300 0
74 320 0
74 340 0
75 0 0
75 20 0
75 40 0
75 60 0
75 80 0
75 100 0
75 120 0
75 140 0
75 160 0
75 260 0
75 280 0
75 300 0
75 320 0
75 340 0
76 0 0
76 20 0
76 40 0
76 60 0
76 80 0
76 100 0
76 120 0
76 140 0
76 240 0
76 260 0
76 280 0
76 300 0
76 320 0
76 340 0
78 0 0
78 20 0
78 40 0
78 60 0
78 80 0
78 100 0
78 120 0
78 220 0
78 240 0
78 260 0
78 280 0
78 300 0
78 320 0
78 340 0
80 0 0
80 20 0
80 40 0
80 60 0
80 80 0
80 100 0
80 120 0
80 220 0
80 240 0
80 260 0
80 280 0
80 300 0
80 320 0
80 340 0
85 0 0
85 20 0
85 40 0
85 60 0
85 80 0
85 100 0
85 120 0
85 140 0
85 160 0
85 260 0
85 280 0
85 300 0
85 320 0
85 340 0
86 0 0
86 20 0
86 40 0
86 60 0
86 80 0
86 100 0
86 120 0
86 140 0
86 240 0
86 260 0
86 280 0
86 300 0
86 320 0
86 340 0
87 0 0
87 20 0
87 40 0
87 60 0
87 80 0
87 100 0
87 120 0
87 140 0
87 160 0
87 260 0
87 280 0
87 300 0
87 320 0
87 340 0
88 0 0
88 20 0
88 40 0
88 60 0
88 80 0
88 100 0
88 120 0
88 140 0
88 240 0
88 260 0
88 280 0
88 300 0
88 320 0
88 340 0
90 0 0
90 20 0
90 40 0
90 60 0
90 80 0
90 100 0
90 120 0
90 220 0
90 240 0
90 260 0
90 280 0
90 300 0
90 320 0
90 340 0
92 0 0
92 20 0
92 40 0
92 220 0
92 240 0
92 260 0
92 280 0
92 300 0
92 320 0
92 340 0
92 100 1
92 120 1
138 20 0
138 40 0
138 60 0
138 80 0
138 100 0
138 120 0
138 140 0
138 160 0
138 180 0
138 280 1
138 300 1
140 40 0
140 60 0
140 80 0
140 100 0
140 120 0
140 140 0
140 160 0
140 180 0
140 280 1
140 300 1
146 40 0
146 60 0
146 80 0
146 100 0
146 120 0
146 140 0
146 160 0
146 180 0
146 280 1
146 300 1
148 40 0
148 60 0
148 80 0
148 100 0
148 120 0
148 140 0
148 160 0
148 180 0
148 280 1
148 300 1
153 20 0
153 60 1
153 80 1
153 100 1
153 120 1
153 140 1
153 160 1
153 260 2
153 280 2
153 300 2
153 320 2
154 20 0
154 80 1
154 100 1
154 120 1
154 140 1
154 240 2
154 260 2
154 280 2
154 300 2
154 320 2
154 340 2
155 60 0
155 80 0
155 100 0
155 120 0
155 140 0
155 160 0
155 260 1
155 280 1
155 300 1
155 320 1
156 80 0
156 100 0
156 120 0
156 140 0
156 240 1
156 260 1
156 280 1
156 300 1
156 320 1
156 340 1
158 0 0
158 20 0
158 220 0
158 240 0
158 260 0
158 280 0
158 300 0
158 320 0
158 340 0
158 100 1
158 120 1
160 0 0
160 220 0
160 240 0
160 260 0
160 280 0
160 300 0
160 320 0
160 340 0
160 100 1
160 120 1
165 60 0
165 80 0
165 100 0
165 120 0
165 140 0
165 160 0
165 260 1
165 280 1
165 300 1
165 320 1
166 80 0
166 100 0
166 120 0
166 140 0
166 240 1
166 260 1
166 280 1
166 300 1
166 320 1
166 340 1
167 60 0
167 80 0
167 100 0
167 120 0
167 140 0
167 160 0
167 260 1
167 280 1
167 300 1
167 320 1
168 80 0
168 100 0
168 120 0
168 140 0
168 240 1
168 260 1
168 280 1
168 300 1
168 320 1
168 340 1
170 0 0
170 220 0
170 240 0
170 260 0
170 280 0
170 300 0
170 320 0
170 340 0
170 100 1
170 120 1
172 0 0
172 220 0
172 240 0
172 260 0
172 280 0
172 300 0
172 320 0
172 340 0
172 100 1
172 120 1
218 40 0
218 60 0
218 80 0
218 100 0
218 120 0
218 140 0
218 160 0
218 180 0
218 280 1
218 300 1
220 40 0
220 60 0
220 80 0
220 100 0
220 120 0
220 140 0
220 160 0
220 180 0
220 280 1
220 300 1
226 40 0
226 60 0
226 80 0
226 100 0
226 120 0
226 140 0
226 160 0
226 180 0
226 280 1
226 300 1
228 40 0
228 60 0
228 80 0
228 100 0
228 120 0
228 140 0
228 160 0
228 180 0
228 200 0
228 280 1
228 300 1
233 60 0
233 80 0
233 100 0
233 120 0
233 140 0
233 160 0
233 260 1
233 280 1
233 300 1
233 320 1
234 80 0
234 100 0
234 120 0
234 140 0
234 240 1
234 260 1
234 280 1
234 300 1
234 320 1
234 340 1
235 60 0
235 80 0
235 100 0
235 120 0
235 140 0
235 160 0
235 260 1
235 280 1
235 300 1
235 320 1
236 80 0
236 100 0
236 120 0
236 140 0
236 240 1
236 260 1
236 280 1
236 300 1
236 320 1
236 340 1
238 0 0
238 220 0
238 240 0
238 260 0
238 280 0
238 300 0
238 320 0
238 340 0
238 100 1
238 120 1
240 0 0
240 220 0
240 240 0
240 260 0
240 280 0
240 300 0
240 320 0
240 340 0
240 100 1
240 120 1
245 60 0
245 80 0
245 100 0
245 120 0
245 140 0
245 160 0
245 260 1
245 280 1
245 300 1
245 320 1
246 80 0
246 100 0
246 120 0
246 140 0
246 240 1
246 260 1
246 280 1
246 300 1
246 320 1
246 340 1
247 60 0
247 80 0
247 100 0
247 120 0
247 140 0
247 160 0
247 180 0
247 200 0
247 260 1
247 280 1
247 300 1
247 320 1
248 80 0
248 100 0
248 120 0
248 140 0
248 180 1
248 200 1
248 220 1
248 240 1
248 260 1
248 280 1
248 300 1
248 320 1
248 340 1
250 0 0
250 220 0
250 240 0
250 260 0
250 280 0
250 300 0
250 320 0
250 340 0
250 100 1
250 120 1
252 0 0
252 180 0
252 200 0
252 220 0
252 240 0
252 260 0
252 280 0
252 300 0
252 320 0
252 340 0
252 100 1
252 120 1
304 40 0
304 60 0
304 80 0
304 100 0
304 120 0
304 140 0
304 160 0
304 180 0
304 200 0
304 220 0
304 240 0
304 280 1
304 300 1
306 40 0
306 60 0
306 80 0
306 100 0
306 120 0
306 140 0
306 160 0
306 180 0
306 200 0
306 220 0
306 240 0
306 260 0
306 280 0
306 300 0
312 40 0
312 60 0
312 80 0
312 100 0
312 120 0
312 140 0
312 160 0
312 180 0
312 200 0
312 220 0
312 240 0
312 260 0
312 280 0
312 300 0
319 60 0
319 80 0
319 100 0
319 120 0
319 140 0
319 160 0
319 180 0
319 200 0
319 220 0
319 240 0
319 260 0
319 280 0
319 300 0
319 320 0
320 80 0
320 100 0
320 120 0
320 140 0
320 160 0
320 180 0
320 200 0
320 220 0
320 240 0
320 260 0
320 280 0
320 300 0
320 320 0
320 340 0
321 60 0
321 80 0
321 100 0
321 120 0
321 140 0
321 160 0
321 180 0
321 200 0
321 220 0
321 240 0
321 260 0
321 280 0
321 300 0
321 320 0
322 80 0
322 100 0
322 120 0
322 140 0
322 160 0
322 180 0
322 200 0
322 220 0
322 240 0
322 260 0
322 280 0
322 300 0
322 320 0
322 340 0
324 0 0
324 160 0
324 180 0
324 200 0
324 220 0
324 240 0
324 260 0
324 280 0
324 300 0
324 320 0
324 340 0
324 100 1
324 120 1
326 0 0
326 100 0
326 120 0
326 140 0
326 160 0
326 180 0
326 200 0
326 220 0
326 240 0
326 260 0
326 280 0
326 300 0
326 320 0
326 340 0
335 60 0
335 80 0
335 100 0
335 120 0
335 140 0
335 160 0
335 180 0
335 200 0
335 220 0
335 240 0
335 260 0
335 280 0
335 300 0
335 320 0
336 80 0
336 100 0
336 120 0
336 140 0
336 160 0
336 180 0
336 200 0
336 220 0
336 240 0
336 260 0
336 280 0
336 300 0
336 320 0
336 340 0
342 0 0
342 100 0
342 120 0
342 140 0
342 160 0
342 180 0
342 200 0
342 220 0
342 240 0
342 260 0
342 280 0
342 300 0
342 320 0
342 340 0
264 0 0
264 20 0
264 120 0
264 140 0
264 160 0
264 180 0
264 200 0
264 220 0
264 240 0
264 260 0
264 280 0
264 300 0
264 320 0
264 340 0
267 0 0
267 20 0
267 120 0
267 140 0
267 160 0
267 180 0
267 200 0
267 220 0
267 240 0
267 260 0
267 280 0
267 300 0
267 320 0
267 340 0
268 0 0
268 20 0
268 340 0
268 80 1
268 100 1
268 120 1
268 140 1
268 160 1
268 180 1
268 200 1
268 220 1
268 240 1
268 260 1
268 280 1
268 300 1
285 0 0
285 20 0
285 40 0
285 120 0
285 140 0
285 160 0
285 180 0
285 200 0
285 220 0
285 240 0
285 260 0
285 280 0
285 300 0
285 320 0
285 340 0
286 0 0
286 20 0
286 40 0
286 140 0
286 160 0
286 180 0
286 200 0
286 220 0
286 240 0
286 260 0
286 280 0
286 300 0
286 320 0
286 340 0
290 0 0
290 20 0
290 40 0
290 60 0
290 160 0
290 180 0
290 200 0
290 220 0
290 240 0
290 260 0
290 280 0
290 300 0
290 320 0
290 340 0
291 0 0
291 20 0
291 40 0
291 120 0
291 140 0
291 160 0
291 180 0
291 200 0
291 220 0
291 240 0
291 260 0
291 280 0
291 300 0
291 320 0
291 340 0
292 0 0
292 20 0
292 40 0
292 140 0
292 160 0
292 180 0
292 200 0
292 220 0
292 240 0
292 260 0
292 280 0
292 300 0
292 320 0
292 340 0
293 0 0
293 20 0
293 40 0
293 80 0
293 100 0
293 120 0
293 140 0
293 160 0
293 180 0
293 200 0
293 220 0
293 240 0
293 260 0
293 280 0
293 300 0
293 320 0
293 340 0
294 0 0
294 20 0
294 40 0
294 60 0
294 80 0
294 100 0
294 140 0
294 160 0
294 180 0
294 200 0
294 220 0
294 240 0
294 260 0
294 280 0
294 300 0
294 320 0
294 340 0
297 0 0
297 20 0
297 40 0
297 60 0
297 160 0
297 180 0
297 200 0
297 220 0
297 240 0
297 260 0
297 280 0
297 300 0
297 320 0
297 340 0
298 0 0
298 20 0
298 40 0
298 60 0
298 80 0
298 100 0
298 240 0
298 260 0
298 280 0
298 300 0
298 320 0
298 340 0
298 160 1
298 180 1
298 200 1
309 0 0
309 20 0
309 340 0
309 60 1
309 80 1
309 100 1
309 120 1
309 140 1
309 160 1
309 180 1
309 200 1
309 220 1
309 240 1
309 260 1
309 280 1
310 0 0
310 20 0
310 40 0
310 60 0
310 80 0
310 100 0
310 120 0
310 140 0
310 160 0
310 180 0
310 200 0
310 220 0
310 240 0
310 340 0
313 0 0
313 20 0
313 40 0
313 60 0
313 80 0
313 100 0
313 120 0
313 140 0
313 160 0
313 180 0
313 200 0
313 220 0
313 240 0
313 340 0
327 0 0
327 20 0
327 40 0
327 60 0
327 80 0
327 100 0
327 120 0
327 140 0
327 160 0
327 180 0
327 200 0
327 220 0
327 240 0
327 260 0
327 280 0
327 320 0
327 340 0
328 0 0
328 20 0
328 40 0
328 60 0
328 80 0
328 100 0
328 120 0
328 140 0
328 160 0
328 180 0
328 200 0
328 220 0
328 260 0
328 280 0
328 300 0
328 320 0
328 340 0
329 0 0
329 20 0
329 40 0
329 60 0
329 80 0
329 100 0
329 120 0
329 140 0
329 160 0
329 180 0
329 200 0
329 220 0
329 240 0
329 320 0
329 340 0
330 0 0
330 20 0
330 40 0
330 60 0
330 80 0
330 100 0
330 120 0
330 140 0
330 160 0
330 180 0
330 200 0
330 220 0
330 320 0
330 340 0
333 0 0
333 20 0
333 40 0
333 60 0
333 80 0
333 100 0
333 120 0
333 260 0
333 280 0
333 300 0
333 320 0
333 340 0
333 160 1
333 180 1
333 200 1
334 0 0
334 20 0
334 40 0
334 60 0
334 80 0
334 100 0
334 120 0
334 140 0
334 160 0
334 180 0
334 200 0
334 300 0
334 320 0
334 340 0
337 0 0
337 20 0
337 40 0
337 60 0
337 80 0
337 100 0
337 120 0
337 140 0
337 160 0
337 180 0
337 200 0
337 220 0
337 240 0
337 320 0
337 340 0
338 0 0
338 20 0
338 40 0
338 60 0
338 80 0
338 100 0
338 120 0
338 140 0
338 160 0
338 180 0
338 200 0
338 220 0
338 320 0
338 340 0
343 0 0
343 20 0
343 40 0
343 60 0
343 80 0
343 100 0
343 120 0
343 140 0
343 160 0
343 180 0
343 200 0
343 300 0
343 320 0
343 340 0
314 0 0
314 20 0
314 40 0
314 60 0
314 80 0
314 100 0
314 120 0
314 140 0
314 160 0
314 180 0
314 200 0
314 220 0
314 240 0
314 260 0
314 280 0
314 300 0
314 320 0
314 340 0
339 0 0
339 20 0
339 40 0
339 60 0
339 80 0
339 100 0
339 120 0
339 140 0
339 160 0
339 180 0
339 200 0
339 220 0
339 240 0
339 260 0
339 280 0
339 300 0
339 320 0
339 340 0
340 0 0
340 20 0
340 40 0
340 60 0
340 80 0
340 100 0
340 120 0
340 140 0
340 160 0
340 180 0
340 200 0
340 220 0
340 240 0
340 260 0
340 280 0
340 300 0
340 320 0
340 340 0
344 0 0
344 20 0
344 40 0
344 60 0
344 80 0
344 100 0
344 120 0
344 140 0
344 160 0
344 180 0
344 200 0
344 220 0
344 240 0
344 260 0
344 280 0
344 300 0
344 320 0
344 340 0
