1 0 0 20 40 60 80 100 120 140 160 180 200 220 240 260 280
3 0 0 20 40 60 80 100 120 140 160 180 200 220 240 260 280
9 0 0 20 40 60 80 100 120 140 160 180 200 220 240 260 280
11 0 0 20 40
11 1 100 120 140 160 180 200 220 240 260 280
17 0 0 20 40 60 80 100 120 140 160 180 200 220 240 260
18 0 0 20 40 60 80 100 120 140 160 180 200 220 240 340
21 0 0 20 40 60 80 100 120 140 160 180 200 220 240 260
22 0 0 20 40 60 80 100 120 140 160 180 200 220 240 340
23 0 0 20 40 60 80 100 120 140 160 180 200 220 320 340
25 0 0 20 40 60 80 100 120 140 160 180 200 220 320 340
35 0 0 20 40 60 80 100 120 140 160 180 200 220 240 260
36 0 0 20 40 60 80 100 120 140 160 180 200 220 240 340
37 0 0 20 40 60 80 100 120 140 160 180 200 220 240 260
38 0 0 20 40 60 80 100 120 140 160 180 200 220 240 340
39 0 0 20 40 60 80 100 120 140 160 180 200 220 320 340
41 0 0 20 40 60 80 100 120 140 320 340
41 1 200 220
93 0 0 20 40
93 1 120 140 160 180 200 220 240 260 280
95 0 0 20 40
95 1 140 160 180 200 220 240 260 280
101 0 0 20 40
101 1 140 160 180 200 220 240 260 280
103 0 0 20 40
103 1 140 160 180 200 220 240 260 280
109 0 0 20 40 60
109 1 120
109 2 160 180 200 220 240 260
110 0 0 20 40 60 80 340
110 1 120
110 2 180 200 220 240
111 0 0 20 40 60
111 1 160 180 200 220 240 260
112 0 0 20 40 60 80 340
112 1 180 200 220 240
113 0 0 20 40 60 80 100 120 320 340
113 1 200 220
115 0 0 20 40 60 80 100 320 340
115 1 200 220
121 0 0 20 40 60
121 1 160 180 200 220 240 260
122 0 0 20 40 60 80 340
122 1 180 200 220 240
123 0 0 20 40 60
123 1 160 180 200 220 240 260
124 0 0 20 40 60 80 340
124 1 180 200 220 240
125 0 0 20 40 60 80 100 320 340
125 1 200 220
127 0 0 20 40 60 80 100 320 340
127 1 200 220
173 0 0 20 40
173 1 140 160 180 200 220 240 260 280
175 0 0 20 40
175 1 140 160 180 200 220 240 260 280
181 0 0 20 40
181 1 140 160 180 200 220 240 260 280
183 0 0 20 40
183 1 140 160 180 200 220 240 260 280 300 320
189 0 0 20 40 60
189 1 160 180 200 220 240 260
190 0 0 20 40 60 80 340
190 1 180 200 220 240
191 0 0 20 40 60
191 1 160 180 200 220 240 260
192 0 0 20 40 60 80 340
192 1 180 200 220 240
193 0 0 20 40 60 80 100 320 340
193 1 200 220
195 0 0 20 40 60 80 100 320 340
195 1 200 220
201 0 0 20 40 60
201 1 160 180 200 220 240 260
202 0 0 20 40 60 80 340
202 1 180 200 220 240
203 0 0 20 40 60
203 1 160 180 200 220 240 260 280 300
204 0 0 20 40 60 80 280 300 320 340
204 1 180 200 220 240
205 0 0 20 40 60 80 100 320 340
205 1 200 220
207 0 0 20 40 60 80 100 280 300 320 340
207 1 200 220
253 0 0 20 40 140 160 180 200 220 240 260 280 300 320 340
255 0 0 20 40 140 160 180 200 220 240 260 280 300 320 340
261 0 0 20 40 140 160 180 200 220 240 260 280 300 320 340
263 0 0 20 40 140 160 180 200 220 240 260 280 300 320 340
269 0 0 20 40 60 160 180 200 220 240 260 280 300 320 340
270 0 0 20 40 60 80 180 200 220 240 260 280 300 320 340
271 0 0 20 40 60 160 180 200 220 240 260 280 300 320 340
272 0 0 20 40 60 80 180 200 220 240 260 280 300 320 340
273 0 0 20 40 60 80 100 260 280 300 320 340
273 1 200 220
275 0 0 20 40 60 80 100 200 220 240 260 280 300 320 340
281 0 0 20 40 60 160 180 200 220 240 260 280 300 320 340
282 0 0 20 40 60 80 180 200 220 240 260 280 300 320 340
283 0 0 20 40 60 160 180 200 220 240 260 280 300 320 340
284 0 0 20 40 60 80 180 200 220 240 260 280 300 320 340
287 0 0 20 40 60 80 100 200 220 240 260 280 300 320 340
289 0 0 20 40 60 80 100 200 220 240 260 280 300 320 340
2 0 0 20 120 140 160 180 200 220 240 260 280 300 320 340
5 0 0 20 120 140 160 180 200 220 240 260 280 300 320 340
6 0 0 20 340
6 1 80 100 120 140 160 180 200 220 240 260 280 300
19 0 0 20 40 120 140 160 180 200 220 240 260 280 300 320 340
20 0 0 20 40 140 160 180 200 220 240 260 280 300 320 340
24 0 0 20 40 60 160 180 200 220 240 260 280 300 320 340
27 0 0 20 40 120 140 160 180 200 220 240 260 280 300 320 340
28 0 0 20 40 140 160 180 200 220 240 260 280 300 320 340
29 0 0 20 40 80 100 120 140 160 180 200 220 240 260 280 300 320 340
30 0 0 20 40 60 80 100 140 160 180 200 220 240 260 280 300 320 340
31 0 0 20 40 60 160 180 200 220 240 260 280 300 320 340
32 0 0 20 40 60 80 100 240 260 280 300 320 340
32 1 160 180 200
47 0 0 20 340
47 1 60 80 100 120 140 160 180 200 220 240 260 280
48 0 0 20 40 60 80 100 120 140 160 180 200 220 240 340
51 0 0 20 40 60 80 100 120 140 160 180 200 220 240 340
63 0 0 20 40 60 80 100 120 140 160 180 200 220 240 260 280 320 340
64 0 0 20 40 60 80 100 120 140 160 180 200 220 260 280 300 320 340
65 0 0 20 40 60 80 100 120 140 160 180 200 220 240 320 340
66 0 0 20 40 60 80 100 120 140 160 180 200 220 320 340
67 0 0 20 40 60 80 100 120 260 280 300 320 340
67 1 160 180 200
68 0 0 20 40 60 80 100 120 140 160 180 200 300 320 340
71 0 0 20 40 60 80 100 120 140 160 180 200 220 240 320 340
72 0 0 20 40 60 80 100 120 140 160 180 200 220 320 340
77 0 0 20 40 60 80 100 120 140 160 180 200 300 320 340
4 0 120 140 160 180 200 220 240 260 280 300 320 340
7 0 120 140 160 180 200 220 240 260 280 300 320
8 0 80 100 120 140 160 180 200 220 240 260 280 300
10 0 140 160 180 200 220 240 260 280 300 320 340
12 0 160 180 200 220 240 260 280 300 320 340
13 0 140 160 180 200 220 240 260 280 300 320
14 0 80 100 120 140 160 180 200 220 240 260 280 300
15 0 160 180 200 220 240 260 280 300 320
16 0 80 100
16 1 160 180 200 220 240 260 280 300
49 0 60 80 100 120 140 160 180 200 220 240 260 280
50 0 40 60 80 100 120 140 160 180 200 220 240
53 0 20 40 60 80 100 120 140 160 180 200 220 240
55 0 60 80 100 120 140 160 180 200 220 240 260 280
56 0 40 60 80 100 120 140 160 180 200 220
57 0 60 80 100 120 140 160 180 200
57 1 260 280
58 0 40 60 80 100 120 140 160 180 200
59 0 20 40 60 80 100 120 140 160 180 200 220
61 0 20 40 60 80 100 120 140 160 180 200
94 0 180 200 220 240 260 280 300 320 340
96 0 200 220 240 260 280 300 320 340
97 0 180
97 1 220 240 260 280 300 320
98 0 80 100
98 1 180
98 2 240 260 280 300
99 0 220 240 260 280 300 320
100 0 80 100
100 1 240 260 280 300
102 0 200 220 240 260 280 300 320 340
104 0 200 220 240 260 280 300 320 340
105 0 220 240 260 280 300 320
106 0 80 100
106 1 240 260 280 300
107 0 220 240 260 280 300 320
108 0 80 100
108 1 240 260 280 300
133 0 60 80 100 120
133 1 180
133 2 260 280
134 0 40 60 80 100 120 140
134 1 180
135 0 60 80 100 120
135 1 260 280
136 0 40 60 80 100 120 140
137 0 20 40 60 80 100 120 140 160 180
139 0 20 40 60 80 100 120 140 160
141 0 60 80 100 120
141 1 260 280
142 0 40 60 80 100 120 140
143 0 60 80 100 120
143 1 260 280
144 0 40 60 80 100 120 140
145 0 20 40 60 80 100 120 140 160
147 0 20 40 60 80 100 120 140 160
174 0 200 220 240 260 280 300 320 340
176 0 200 220 240 260 280 300 320 340
177 0 220 240 260 280 300 320
178 0 80 100
178 1 240 260 280 300
179 0 220 240 260 280 300 320
180 0 80 100
180 1 240 260 280 300
182 0 200 220 240 260 280 300 320 340
184 0 0 20 200 220 240 260 280 300 320 340
185 0 220 240 260 280 300 320
186 0 80 100
186 1 240 260 280 300
187 0 0 20 220 240 260 280 300 320 340
188 0 0 20 340
188 1 80 100
188 2 240 260 280 300
213 0 60 80 100 120
213 1 260 280
214 0 40 60 80 100 120 140
215 0 60 80 100 120
215 1 260 280
216 0 40 60 80 100 120 140
217 0 20 40 60 80 100 120 140 160
219 0 20 40 60 80 100 120 140 160
221 0 60 80 100 120
221 1 260 280
222 0 40 60 80 100 120 140
223 0 0 20 340
223 1 60 80 100 120
223 2 260 280
224 0 0 20 40 60 80 100 120 140 340
225 0 20 40 60 80 100 120 140 160
227 0 0 20 40 60 80 100 120 140 160 340
254 0 0 20 40 200 220 240 260 280 300 320 340
256 0 0 20 40 200 220 240 260 280 300 320 340
257 0 0 20 40 220 240 260 280 300 320 340
258 0 0 20 40 240 260 280 300 320 340
258 1 80 100
259 0 0 20 40 220 240 260 280 300 320 340
260 0 0 20 40 60 80 100 240 260 280 300 320 340
262 0 0 20 40 60 200 220 240 260 280 300 320 340
265 0 0 20 40 60 220 240 260 280 300 320 340
266 0 0 20 40 60 80 100 240 260 280 300 320 340
299 0 0 20 40 60 80 100 120 320 340
299 1 260 280
300 0 0 20 40 60 80 100 120 140 320 340
301 0 0 20 40 60 80 100 120 260 280 300 320 340
302 0 0 20 40 60 80 100 120 140 320 340
303 0 0 20 40 60 80 100 120 140 160 320 340
305 0 0 20 40 60 80 100 120 140 160 320 340
307 0 0 20 40 60 80 100 120 260 280 300 320 340
308 0 0 20 40 60 80 100 120 140 300 320 340
311 0 0 20 40 60 80 100 120 140 160 300 320 340
26 0 0 20 40 60 200 220 240 260 280 300 320 340
33 0 0 20 40 60 220 240 260 280 300 320 340
34 0 0 20 40 60 80 100 240 260 280 300 320 340
40 0 0 20 40 200 220 240 260 280 300 320 340
42 0 0 20 200 220 240 260 280 300 320 340
43 0 0 20 40 220 240 260 280 300 320 340
44 0 0 20 40 60 80 100 240 260 280 300 320 340
45 0 0 20 220 240 260 280 300 320 340
46 0 0 20 240 260 280 300 320 340
46 1 80 100
69 0 0 20 40 60 80 100 120 260 280 300 320 340
70 0 0 20 40 60 80 100 120 140 300 320 340
79 0 0 20 40 60 80 100 120 140 160 300 320 340
81 0 0 20 40 60 80 100 120 260 280 300 320 340
82 0 0 20 40 60 80 100 120 140 320 340
83 0 0 20 40 60 80 100 120 340
83 1 260 280
84 0 0 20 40 60 80 100 120 140 340
89 0 0 20 40 60 80 100 120 140 160 320 340
91 0 0 20 40 60 80 100 120 140 160 340
114 0 0 200 220 240 260 280 300 320 340
116 0 200 220 240 260 280 300 320 340
117 0 0
117 1 220 240 260 280 300 320
118 0 0
118 1 80 100
118 2 240 260 280 300
119 0 220 240 260 280 300 320
120 0 80 100
120 1 240 260 280 300
126 0 200 220 240 260 280 300 320 340
128 0 200 220 240 260 280 300 320 340
129 0 220 240 260 280 300 320
130 0 80 100
130 1 240 260 280 300
131 0 220 240 260 280 300 320
132 0 80 100
132 1 240 260 280 300
149 0 0
149 1 60 80 100 120
149 2 260 280
150 0 0 20 40 60 80 100 120 140
151 0 60 80 100 120
151 1 260 280
152 0 40 60 80 100 120 140
157 0 0 20 40 60 80 100 120 140 160
159 0 20 40 60 80 100 120 140 160
161 0 60 80 100 120
161 1 260 280
162 0 40 60 80 100 120 140
163 0 60 80 100 120
163 1 260 280
164 0 40 60 80 100 120 140
169 0 20 40 60 80 100 120 140 160
171 0 20 40 60 80 100 120 140 160
194 0 200 220 240 260 280 300 320 340
196 0 200 220 240 260 280 300 320 340
197 0 220 240 260 280 300 320
198 0 80 100
198 1 240 260 280 300
199 0 220 240 260 280 300 320
200 0 80 100
200 1 240 260 280 300
206 0 200 220 240 260 280 300 320 340
208 0 160 180 200 220 240 260 280 300 320 340
209 0 220 240 260 280 300 320
210 0 80 100
210 1 240 260 280 300
211 0 160 180 200 220 240 260 280 300 320
212 0 80 100
212 1 160 180 200
212 2 240 260 280 300
229 0 60 80 100 120
229 1 260 280
230 0 40 60 80 100 120 140
231 0 60 80 100 120
231 1 260 280
232 0 40 60 80 100 120 140
237 0 20 40 60 80 100 120 140 160
239 0 20 40 60 80 100 120 140 160
241 0 60 80 100 120
241 1 260 280
242 0 40 60 80 100 120 140
243 0 60 80 100 120
243 1 160 180 200
243 2 260 280
244 0 40 60 80 100 120 140 160 180 200
249 0 20 40 60 80 100 120 140 160
251 0 20 40 60 80 100 120 140 160 180 200
274 0 140 160 180 200 220 240 260 280 300 320 340
276 0 140 160 180 200 220 240 260 280 300 320 340
277 0 140 160 180 200 220 240 260 280 300 320
278 0 80 100
278 1 140 160 180 200 220 240 260 280 300
279 0 140 160 180 200 220 240 260 280 300 320
280 0 80 100 120 140 160 180 200 220 240 260 280 300
288 0 120 140 160 180 200 220 240 260 280 300 320 340
295 0 120 140 160 180 200 220 240 260 280 300 320
296 0 80 100 120 140 160 180 200 220 240 260 280 300
315 0 60 80 100 120 140 160 180 200 220
315 1 260 280
316 0 40 60 80 100 120 140 160 180 200 220
317 0 60 80 100 120 140 160 180 200 220 240 260 280
318 0 40 60 80 100 120 140 160 180 200 220
323 0 20 40 60 80 100 120 140 160 180 200 220
325 0 20 40 60 80 100 120 140 160 180 200 220
331 0 60 80 100 120 140 160 180 200 220 240 260 280
332 0 40 60 80 100 120 140 160 180 200 220 240
341 0 20 40 60 80 100 120 140 160 180 200 220 240
52 0 0 20 40 60 80 100 120 140 160 180 280 300 320 340
54 0 0 20 40 60 80 100 120 140 160 180 280 300 320 340
60 0 0 20 40 60 80 100 120 140 160 180 280 300 320 340
62 0 0 20 40 60 80 100 120 140 160 180
62 1 280 300
73 0 0 20 40 60 80 100 120 140 160 260 280 300 320 340
74 0 0 20 40 60 80 100 120 140 240 260 280 300 320 340
75 0 0 20 40 60 80 100 120 140 160 260 280 300 320 340
76 0 0 20 40 60 80 100 120 140 240 260 280 300 320 340
78 0 0 20 40 60 80 100 120 220 240 260 280 300 320 340
80 0 0 20 40 60 80 100 120 220 240 260 280 300 320 340
85 0 0 20 40 60 80 100 120 140 160 260 280 300 320 340
86 0 0 20 40 60 80 100 120 140 240 260 280 300 320 340
87 0 0 20 40 60 80 100 120 140 160 260 280 300 320 340
88 0 0 20 40 60 80 100 120 140 240 260 280 300 320 340
90 0 0 20 40 60 80 100 120 220 240 260 280 300 320 340
92 0 0 20 40 220 240 260 280 300 320 340
92 1 100 120
138 0 20 40 60 80 100 120 140 160 180
138 1 280 300
140 0 40 60 80 100 120 140 160 180
140 1 280 300
146 0 40 60 80 100 120 140 160 180
146 1 280 300
148 0 40 60 80 100 120 140 160 180
148 1 280 300
153 0 20
153 1 60 80 100 120 140 160
153 2 260 280 300 320
154 0 20
154 1 80 100 120 140
154 2 240 260 280 300 320 340
155 0 60 80 100 120 140 160
155 1 260 280 300 320
156 0 80 100 120 140
156 1 240 260 280 300 320 340
158 0 0 20 220 240 260 280 300 320 340
158 1 100 120
160 0 0 220 240 260 280 300 320 340
160 1 100 120
165 0 60 80 100 120 140 160
165 1 260 280 300 320
166 0 80 100 120 140
166 1 240 260 280 300 320 340
167 0 60 80 100 120 140 160
167 1 260 280 300 320
168 0 80 100 120 140
168 1 240 260 280 300 320 340
170 0 0 220 240 260 280 300 320 340
170 1 100 120
172 0 0 220 240 260 280 300 320 340
172 1 100 120
218 0 40 60 80 100 120 140 160 180
218 1 280 300
220 0 40 60 80 100 120 140 160 180
220 1 280 300
226 0 40 60 80 100 120 140 160 180
226 1 280 300
228 0 40 60 80 100 120 140 160 180 200
228 1 280 300
233 0 60 80 100 120 140 160
233 1 260 280 300 320
234 0 80 100 120 140
234 1 240 260 280 300 320 340
235 0 60 80 100 120 140 160
235 1 260 280 300 320
236 0 80 100 120 140
236 1 240 260 280 300 320 340
238 0 0 220 240 260 280 300 320 340
238 1 100 120
240 0 0 220 240 260 280 300 320 340
240 1 100 120
245 0 60 80 100 120 140 160
245 1 260 280 300 320
246 0 80 100 120 140
246 1 240 260 280 300 320 340
247 0 60 80 100 120 140 160 180 200
247 1 260 280 300 320
248 0 80 100 120 140
248 1 180 200 220 240 260 280 300 320 340
250 0 0 220 240 260 280 300 320 340
250 1 100 120
252 0 0 180 200 220 240 260 280 300 320 340
252 1 100 120
304 0 40 60 80 100 120 140 160 180 200 220 240
304 1 280 300
306 0 40 60 80 100 120 140 160 180 200 220 240 260 280 300
312 0 40 60 80 100 120 140 160 180 200 220 240 260 280 300
319 0 60 80 100 120 140 160 180 200 220 240 260 280 300 320
320 0 80 100 120 140 160 180 200 220 240 260 280 300 320 340
321 0 60 80 100 120 140 160 180 200 220 240 260 280 300 320
322 0 80 100 120 140 160 180 200 220 240 260 280 300 320 340
324 0 0 160 180 200 220 240 260 280 300 320 340
324 1 100 120
326 0 0 100 120 140 160 180 200 220 240 260 280 300 320 340
335 0 60 80 100 120 140 160 180 200 220 240 260 280 300 320
336 0 80 100 120 140 160 180 200 220 240 260 280 300 320 340
342 0 0 100 120 140 160 180 200 220 240 260 280 300 320 340
264 0 0 20 120 140 160 180 200 220 240 260 280 300 320 340
267 0 0 20 120 140 160 180 200 220 240 260 280 300 320 340
268 0 0 20 340
268 1 80 100 120 140 160 180 200 220 240 260 280 300
285 0 0 20 40 120 140 160 180 200 220 240 260 280 300 320 340
286 0 0 20 40 140 160 180 200 220 240 260 280 300 320 340
290 0 0 20 40 60 160 180 200 220 240 260 280 300 320 340
291 0 0 20 40 120 140 160 180 200 220 240 260 280 300 320 340
292 0 0 20 40 140 160 180 200 220 240 260 280 300 320 340
293 0 0 20 40 80 100 120 140 160 180 200 220 240 260 280 300 320 340
294 0 0 20 40 60 80 100 140 160 180 200 220 240 260 280 300 320 340
297 0 0 20 40 60 160 180 200 220 240 260 280 300 320 340
298 0 0 20 40 60 80 100 240 260 280 300 320 340
298 1 160 180 200
309 0 0 20 340
309 1 60 80 100 120 140 160 180 200 220 240 260 280
310 0 0 20 40 60 80 100 120 140 160 180 200 220 240 340
313 0 0 20 40 60 80 100 120 140 160 180 200 220 240 340
327 0 0 20 40 60 80 100 120 140 160 180 200 220 240 260 280 320 340
328 0 0 20 40 60 80 100 120 140 160 180 200 220 260 280 300 320 340
329 0 0 20 40 60 80 100 120 140 160 180 200 220 240 320 340
330 0 0 20 40 60 80 100 120 140 160 180 200 220 320 340
333 0 0 20 40 60 80 100 120 260 280 300 320 340
333 1 160 180 200
334 0 0 20 40 60 80 100 120 140 160 180 200 300 320 340
337 0 0 20 40 60 80 100 120 140 160 180 200 220 240 320 340
338 0 0 20 40 60 80 100 120 140 160 180 200 220 320 340
343 0 0 20 40 60 80 100 120 140 160 180 200 300 320 340
314 0 0 20 40 60 80 100 120 140 160 180 200 220 240 260 280 300 320 340
339 0 0 20 40 60 80 100 120 140 160 180 200 220 240 260 280 300 320 340
340 0 0 20 40 60 80 100 120 140 160 180 200 220 240 260 280 300 320 340
344 0 0 20 40 60 80 100 120 140 160 180 200 220 240 260 280 300 320 340
