1 0 0
3 0 0
9 0 0
11 0 0
11 1 0
17 0 0
18 0 0
21 0 0
22 0 0
23 0 0
25 0 0
35 0 0
36 0 0
37 0 0
38 0 0
39 0 0
41 0 0
41 1 0
93 0 0
93 1 0
95 0 0
95 1 0
101 0 0
101 1 0
103 0 0
103 1 0
109 0 0
109 1 0
109 2 0
110 0 0
110 1 0
110 2 0
111 0 0
111 1 0
112 0 0
112 1 0
113 0 0
113 1 0
115 0 0
115 1 0
121 0 0
121 1 0
122 0 0
122 1 0
123 0 0
123 1 0
124 0 0
124 1 0
125 0 0
125 1 0
127 0 0
127 1 0
173 0 0
173 1 0
175 0 0
175 1 0
181 0 0
181 1 0
183 0 0
183 1 0
189 0 0
189 1 0
190 0 0
190 1 0
191 0 0
191 1 0
192 0 0
192 1 0
193 0 0
193 1 0
195 0 0
195 1 0
201 0 0
201 1 0
202 0 0
202 1 0
203 0 0
203 1 0
204 0 0
204 1 0
205 0 0
205 1 0
207 0 0
207 1 0
253 0 0
255 0 0
261 0 0
263 0 0
269 0 0
270 0 0
271 0 0
272 0 0
273 0 0
273 1 0
275 0 0
281 0 0
282 0 0
283 0 0
284 0 0
287 0 0
289 0 0
2 0 1
5 0 1
6 0 1
6 1 1
19 0 1
20 0 1
24 0 1
27 0 1
28 0 1
29 0 1
30 0 1
31 0 1
32 0 1
32 1 1
47 0 1
47 1 1
48 0 1
51 0 1
63 0 1
64 0 1
65 0 1
66 0 1
67 0 1
67 1 1
68 0 1
71 0 1
72 0 1
77 0 1
4 0 2
7 0 2
8 0 2
10 0 2
12 0 2
13 0 2
14 0 2
15 0 2
16 0 2
16 1 2
49 0 2
50 0 2
53 0 2
55 0 2
56 0 2
57 0 2
57 1 2
58 0 2
59 0 2
61 0 2
94 0 2
96 0 2
97 0 2
97 1 2
98 0 2
98 1 2
98 2 2
99 0 2
100 0 2
100 1 2
102 0 2
104 0 2
105 0 2
106 0 2
106 1 2
107 0 2
108 0 2
108 1 2
133 0 2
133 1 2
133 2 2
134 0 2
134 1 2
135 0 2
135 1 2
136 0 2
137 0 2
139 0 2
141 0 2
141 1 2
142 0 2
143 0 2
143 1 2
144 0 2
145 0 2
147 0 2
174 0 2
176 0 2
177 0 2
178 0 2
178 1 2
179 0 2
180 0 2
180 1 2
182 0 2
184 0 2
185 0 2
186 0 2
186 1 2
187 0 2
188 0 2
188 1 2
188 2 2
213 0 2
213 1 2
214 0 2
215 0 2
215 1 2
216 0 2
217 0 2
219 0 2
221 0 2
221 1 2
222 0 2
223 0 2
223 1 2
223 2 2
224 0 2
225 0 2
227 0 2
254 0 2
256 0 2
257 0 2
258 0 2
258 1 2
259 0 2
260 0 2
262 0 2
265 0 2
266 0 2
299 0 2
299 1 2
300 0 2
301 0 2
302 0 2
303 0 2
305 0 2
307 0 2
308 0 2
311 0 2
26 0 3
33 0 3
34 0 3
40 0 3
42 0 3
43 0 3
44 0 3
45 0 3
46 0 3
46 1 3
69 0 3
70 0 3
79 0 3
81 0 3
82 0 3
83 0 3
83 1 3
84 0 3
89 0 3
91 0 3
114 0 3
116 0 3
117 0 3
117 1 3
118 0 3
118 1 3
118 2 3
119 0 3
120 0 3
120 1 3
126 0 3
128 0 3
129 0 3
130 0 3
130 1 3
131 0 3
132 0 3
132 1 3
149 0 3
149 1 3
149 2 3
150 0 3
151 0 3
151 1 3
152 0 3
157 0 3
159 0 3
161 0 3
161 1 3
162 0 3
163 0 3
163 1 3
164 0 3
169 0 3
171 0 3
194 0 3
196 0 3
197 0 3
198 0 3
198 1 3
199 0 3
200 0 3
200 1 3
206 0 3
208 0 3
209 0 3
210 0 3
210 1 3
211 0 3
212 0 3
212 1 3
212 2 3
229 0 3
229 1 3
230 0 3
231 0 3
231 1 3
232 0 3
237 0 3
239 0 3
241 0 3
241 1 3
242 0 3
243 0 3
243 1 3
243 2 3
244 0 3
249 0 3
251 0 3
274 0 3
276 0 3
277 0 3
278 0 3
278 1 3
279 0 3
280 0 3
288 0 3
295 0 3
296 0 3
315 0 3
315 1 3
316 0 3
317 0 3
318 0 3
323 0 3
325 0 3
331 0 3
332 0 3
341 0 3
52 0 4
54 0 4
60 0 4
62 0 4
62 1 4
73 0 4
74 0 4
75 0 4
76 0 4
78 0 4
80 0 4
85 0 4
86 0 4
87 0 4
88 0 4
90 0 4
92 0 4
92 1 4
138 0 4
138 1 4
140 0 4
140 1 4
146 0 4
146 1 4
148 0 4
148 1 4
153 0 4
153 1 4
153 2 4
154 0 4
154 1 4
154 2 4
155 0 4
155 1 4
156 0 4
156 1 4
158 0 4
158 1 4
160 0 4
160 1 4
165 0 4
165 1 4
166 0 4
166 1 4
167 0 4
167 1 4
168 0 4
168 1 4
170 0 4
170 1 4
172 0 4
172 1 4
218 0 4
218 1 4
220 0 4
220 1 4
226 0 4
226 1 4
228 0 4
228 1 4
233 0 4
233 1 4
234 0 4
234 1 4
235 0 4
235 1 4
236 0 4
236 1 4
238 0 4
238 1 4
240 0 4
240 1 4
245 0 4
245 1 4
246 0 4
246 1 4
247 0 4
247 1 4
248 0 4
248 1 4
250 0 4
250 1 4
252 0 4
252 1 4
304 0 4
304 1 4
306 0 4
312 0 4
319 0 4
320 0 4
321 0 4
322 0 4
324 0 4
324 1 4
326 0 4
335 0 4
336 0 4
342 0 4
264 0 5
267 0 5
268 0 5
268 1 5
285 0 5
286 0 5
290 0 5
291 0 5
292 0 5
293 0 5
294 0 5
297 0 5
298 0 5
298 1 5
309 0 5
309 1 5
310 0 5
313 0 5
327 0 5
328 0 5
329 0 5
330 0 5
333 0 5
333 1 5
334 0 5
337 0 5
338 0 5
343 0 5
314 0 6
339 0 6
340 0 6
344 0 6
