1 0 0.00288204 0.000151532 0.00338969
3 0 0.010918 1.95501e-05 0.00344105
9 0 0.0191415 2.24646e-05 0.00338969
11 0 0.0273065 1.95492e-05 0.00344105
11 1 0.0273065 1.95492e-05 0.00344105
17 0 0.00179976 0.000199066 0.0117227
18 0 0.00188315 0.000188009 0.0205195
21 0 0.00882698 1.94326e-08 0.0117227
22 0 0.00888672 2.0031e-08 0.0205195
23 0 0.00188461 0.000192959 0.0295001
25 0 0.00888672 7.18212e-06 0.0295021
35 0 0.0174536 1.9013e-08 0.0116953
36 0 0.0175195 1.98003e-08 0.0205195
37 0 0.02658 1.87161e-08 0.0117504
38 0 0.0266602 1.91939e-08 0.0205195
39 0 0.0175195 7.18102e-06 0.0295021
41 0 0.0266602 7.17977e-06 0.0295021
41 1 0.0266602 7.17977e-06 0.0295021
93 0 0.0353764 2.15021e-05 0.00316758
93 1 0.0353764 2.15021e-05 0.00316758
95 0 0.0444336 2.15014e-05 0.00316758
95 1 0.0444336 2.15014e-05 0.00316758
101 0 0.0535742 2.15013e-05 0.00316758
101 1 0.0535742 2.15013e-05 0.00316758
103 0 0.0626314 2.15006e-05 0.00316758
103 1 0.0626314 2.15006e-05 0.00316758
109 0 0.0353776 1.81177e-08 0.0114883
109 1 0.0353776 1.81177e-08 0.0114883
109 2 0.0353776 1.81177e-08 0.0114883
110 0 0.0353776 1.895e-08 0.0205195
110 1 0.0353776 1.895e-08 0.0205195
110 2 0.0353776 1.895e-08 0.0205195
111 0 0.0444336 1.78944e-08 0.0114883
111 1 0.0444336 1.78944e-08 0.0114883
112 0 0.0444336 1.8142e-08 0.0205195
112 1 0.0444336 1.8142e-08 0.0205195
113 0 0.0353776 7.17805e-06 0.0295021
113 1 0.0353776 7.17805e-06 0.0295021
115 0 0.0444336 7.17618e-06 0.0295021
115 1 0.0444336 7.17618e-06 0.0295021
121 0 0.0535742 1.73138e-08 0.0114883
121 1 0.0535742 1.73138e-08 0.0114883
122 0 0.0535742 1.72186e-08 0.0205195
122 1 0.0535742 1.72186e-08 0.0205195
123 0 0.0626302 1.69915e-08 0.0114883
123 1 0.0626302 1.69915e-08 0.0114883
124 0 0.0626302 1.57122e-08 0.0205195
124 1 0.0626302 1.57122e-08 0.0205195
125 0 0.0535742 7.17429e-06 0.0295021
125 1 0.0535742 7.17429e-06 0.0295021
127 0 0.0626302 7.17241e-06 0.0295021
127 1 0.0626302 7.17241e-06 0.0295021
173 0 0.0713477 2.15003e-05 0.00316758
173 1 0.0713477 2.15003e-05 0.00316758
175 0 0.0804883 2.14999e-05 0.00316758
175 1 0.0804883 2.14999e-05 0.00316758
181 0 0.0896289 2.14994e-05 0.00316758
181 1 0.0896289 2.14994e-05 0.00316758
183 0 0.0984576 2.14992e-05 0.00316758
183 1 0.0984576 2.14992e-05 0.00316758
189 0 0.0713477 1.65366e-08 0.0114883
189 1 0.0713477 1.65366e-08 0.0114883
190 0 0.0713476 1.40252e-08 0.0205195
190 1 0.0713476 1.40252e-08 0.0205195
191 0 0.0804883 1.57794e-08 0.0114883
191 1 0.0804883 1.57794e-08 0.0114883
192 0 0.0804883 1.21246e-08 0.0205195
192 1 0.0804883 1.21246e-08 0.0205195
193 0 0.0713476 7.1706e-06 0.0295021
193 1 0.0713476 7.1706e-06 0.0295021
195 0 0.0804883 7.1687e-06 0.0295021
195 1 0.0804883 7.1687e-06 0.0295021
201 0 0.0896289 1.46998e-08 0.0114883
201 1 0.0896289 1.46998e-08 0.0114883
202 0 0.0896289 1.02282e-08 0.0205195
202 1 0.0896289 1.02282e-08 0.0205195
203 0 0.0979761 1.33219e-08 0.0114883
203 1 0.0979761 1.33219e-08 0.0114883
204 0 0.0984592 8.39451e-09 0.0205195
204 1 0.0984592 8.39451e-09 0.0205195
205 0 0.0896289 7.1668e-06 0.0295021
205 1 0.0896289 7.1668e-06 0.0295021
207 0 0.0984592 7.16497e-06 0.0295021
207 1 0.0984592 7.16497e-06 0.0295021
253 0 0.107485 2.03371e-05 0.00340197
255 0 0.116103 2.24597e-05 0.00338969
261 0 0.123271 2.30311e-05 0.00365827
263 0 0.128694 0.000255845 0.00292537
269 0 0.105714 1.16318e-08 0.0117988
270 0 0.107441 6.44448e-09 0.0206728
271 0 0.114031 9.90698e-09 0.0117871
272 0 0.116072 4.64143e-09 0.0206928
273 0 0.107402 7.16311e-06 0.0295021
273 1 0.107402 7.16311e-06 0.0295021
275 0 0.116035 7.16131e-06 0.0295021
281 0 0.122137 7.83228e-09 0.0125038
282 0 0.124271 2.93659e-09 0.0206928
283 0 0.128518 0.000220689 0.0112934
284 0 0.129534 0.000375978 0.0210176
287 0 0.12339 6.66599e-06 0.0293291
289 0 0.128759 0.000303163 0.0302649
2 0 2.98958e-05 0.00536006 0.00333984
5 0 7.84163e-06 0.0140012 0.00341124
6 0 3.48159e-05 0.0230795 0.0030374
6 1 3.48159e-05 0.0230795 0.0030374
19 0 2.08717e-08 0.00559701 0.0117227
20 0 1.69198e-08 0.00547854 0.0205195
24 0 6.28228e-06 0.00547854 0.0294975
27 0 2.55783e-08 0.0140007 0.0114883
28 0 2.15784e-08 0.0140007 0.0205195
29 0 3.04779e-08 0.0230122 0.0114883
30 0 2.65118e-08 0.0230122 0.0205195
31 0 6.28689e-06 0.0140007 0.0294975
32 0 6.29183e-06 0.0230122 0.0294975
32 1 6.29183e-06 0.0230122 0.0294975
47 0 1.05517e-06 0.0318019 0.00412372
47 1 1.05517e-06 0.0318019 0.00412372
48 0 0.000175538 0.0402327 0.0029502
51 0 0.000165793 0.0490202 0.00306483
63 0 3.51426e-08 0.0319759 0.0119863
64 0 3.13769e-08 0.0319759 0.0205195
65 0 4.0304e-08 0.0409993 0.0114883
66 0 3.6304e-08 0.0409993 0.0205195
67 0 6.29673e-06 0.0319759 0.0294975
67 1 6.29673e-06 0.0319759 0.0294975
68 0 5.03189e-06 0.0409101 0.029394
71 0 4.49417e-08 0.0495215 0.0114883
72 0 4.09705e-08 0.0495215 0.0205195
77 0 3.7e-08 0.0495215 0.0294844
4 0 0.00644095 0.00475618 0
7 0 0.0048581 0.0138897 7.66667e-10
8 0 0.00592819 0.0231191 1e-09
10 0 0.0172215 0.00490523 0
12 0 0.0267097 0.00481173 0
13 0 0.0147517 0.0138256 7.58242e-10
14 0 0.0155378 0.0229516 1e-09
15 0 0.0251593 0.0139899 7.77778e-10
16 0 0.0251367 0.0230122 1e-09
16 1 0.0251367 0.0230122 1e-09
49 0 0.00547998 0.0322078 1.28155e-09
50 0 0.00621579 0.040791 2e-09
53 0 0.00747254 0.0492789 2e-09
55 0 0.0154883 0.0322051 1.3e-09
56 0 0.0159065 0.0407634 2e-09
57 0 0.0250172 0.0323077 1.31373e-09
57 1 0.0250172 0.0323077 1.31373e-09
58 0 0.0263683 0.0410352 2e-09
59 0 0.0176515 0.0492285 2e-09
61 0 0.0266602 0.0495215 2e-09
94 0 0.0353786 0.00486247 0
96 0 0.0444336 0.00486247 0
97 0 0.0349121 0.0140007 7.77778e-10
97 1 0.0349121 0.0140007 7.77778e-10
98 0 0.0349121 0.0230122 1e-09
98 1 0.0349121 0.0230122 1e-09
98 2 0.0349121 0.0230122 1e-09
99 0 0.0444336 0.0140007 7.77778e-10
100 0 0.0444336 0.0230122 1e-09
100 1 0.0444336 0.0230122 1e-09
102 0 0.0535742 0.00486247 0
104 0 0.0626292 0.00486247 0
105 0 0.0535742 0.0140007 7.77778e-10
106 0 0.0535742 0.0230122 1e-09
106 1 0.0535742 0.0230122 1e-09
107 0 0.0626302 0.0140007 7.77778e-10
108 0 0.0626302 0.0230122 1e-09
108 1 0.0626302 0.0230122 1e-09
133 0 0.0349121 0.0322051 1.3e-09
133 1 0.0349121 0.0322051 1.3e-09
133 2 0.0349121 0.0322051 1.3e-09
134 0 0.0353776 0.0409993 2e-09
134 1 0.0353776 0.0409993 2e-09
135 0 0.0444336 0.0322051 1.3e-09
135 1 0.0444336 0.0322051 1.3e-09
136 0 0.0444336 0.0409993 2e-09
137 0 0.0353776 0.0495215 2e-09
139 0 0.0444336 0.0495215 2e-09
141 0 0.0535742 0.0322051 1.3e-09
141 1 0.0535742 0.0322051 1.3e-09
142 0 0.0536703 0.04062 2e-09
143 0 0.0626302 0.0322051 1.3e-09
143 1 0.0626302 0.0322051 1.3e-09
144 0 0.0626302 0.0409993 2e-09
145 0 0.0534842 0.0491217 2e-09
147 0 0.0626302 0.0495215 2e-09
174 0 0.0713477 0.00486247 0
176 0 0.0804883 0.00486247 0
177 0 0.0713477 0.0140007 7.77778e-10
178 0 0.0713477 0.0230122 1e-09
178 1 0.0713477 0.0230122 1e-09
179 0 0.0804883 0.0140007 7.77778e-10
180 0 0.0804883 0.0230122 1e-09
180 1 0.0804883 0.0230122 1e-09
182 0 0.0896289 0.00486247 0
184 0 0.0984606 0.00486247 0
185 0 0.0896289 0.0140007 7.77778e-10
186 0 0.0896289 0.0230122 1e-09
186 1 0.0896289 0.0230122 1e-09
187 0 0.0984592 0.0140007 7.77778e-10
188 0 0.0984592 0.0230122 1e-09
188 1 0.0984592 0.0230122 1e-09
188 2 0.0984592 0.0230122 1e-09
213 0 0.0713477 0.0322051 1.3e-09
213 1 0.0713477 0.0322051 1.3e-09
214 0 0.0713477 0.0409993 2e-09
215 0 0.0804883 0.0322051 1.3e-09
215 1 0.0804883 0.0322051 1.3e-09
216 0 0.0804883 0.0409993 2e-09
217 0 0.0713477 0.0495215 2e-09
219 0 0.0804883 0.0495215 2e-09
221 0 0.0896289 0.0322051 1.3e-09
221 1 0.0896289 0.0322051 1.3e-09
222 0 0.0896289 0.0409993 2e-09
223 0 0.0984592 0.0322051 1.3e-09
223 1 0.0984592 0.0322051 1.3e-09
223 2 0.0984592 0.0322051 1.3e-09
224 0 0.0984592 0.0409993 2e-09
225 0 0.0896289 0.0495215 2e-09
227 0 0.0984592 0.0495215 2e-09
254 0 0.107402 0.00486246 0
256 0 0.11658 0.00491914 0
257 0 0.107402 0.0140007 7.77778e-10
258 0 0.107402 0.0230122 1e-09
258 1 0.107402 0.0230122 1e-09
259 0 0.116543 0.0140007 7.77778e-10
260 0 0.116543 0.0230122 1e-09
262 0 0.125633 0.00502735 0
265 0 0.125684 0.0140007 7.77778e-10
266 0 0.125684 0.0230122 1e-09
299 0 0.107402 0.0322051 1.3e-09
299 1 0.107402 0.0322051 1.3e-09
300 0 0.107402 0.0409993 2e-09
301 0 0.116543 0.0322051 1.3e-09
302 0 0.116035 0.0409993 2e-09
303 0 0.107402 0.0495215 2e-09
305 0 0.116035 0.0495215 2e-09
307 0 0.125589 0.0320592 1.26744e-09
308 0 0.124305 0.0406408 2e-09
311 0 0.124041 0.0492561 2e-09
26 0 0.00583985 0.00497724 0.034
33 0 0.00533204 0.0140007 0.034
34 0 0.00589009 0.0230662 0.034
40 0 0.0161541 0.00499872 0.034
42 0 0.0263103 0.00499871 0.034
43 0 0.0143612 0.0139282 0.034
44 0 0.0155329 0.0234439 0.034
45 0 0.024587 0.0139803 0.034
46 0 0.0251367 0.0230122 0.034
46 1 0.0251367 0.0230122 0.034
69 0 0.00544245 0.0324087 0.034
70 0 0.00510475 0.0423631 0.0339892
79 0 0.00431644 0.0510015 0.034
81 0 0.0150843 0.0330579 0.034
82 0 0.0148391 0.0422722 0.034
83 0 0.0251367 0.0319759 0.034
83 1 0.0251367 0.0319759 0.034
84 0 0.0246289 0.0410978 0.034
89 0 0.0142543 0.0511501 0.034
91 0 0.0244719 0.050362 0.034
114 0 0.0353776 0.00497722 0.034
116 0 0.0444336 0.00497722 0.034
117 0 0.0349121 0.0140007 0.034
117 1 0.0349121 0.0140007 0.034
118 0 0.0349121 0.0230122 0.034
118 1 0.0349121 0.0230122 0.034
118 2 0.0349121 0.0230122 0.034
119 0 0.0444336 0.0140007 0.034
120 0 0.0444336 0.0230122 0.034
120 1 0.0444336 0.0230122 0.034
126 0 0.0535742 0.00497722 0.034
128 0 0.0626302 0.00497721 0.034
129 0 0.0535742 0.0140007 0.034
130 0 0.0535742 0.0230241 0.034
130 1 0.0535742 0.0230241 0.034
131 0 0.0626302 0.0140007 0.034
132 0 0.0626288 0.0230244 0.034
132 1 0.0626288 0.0230244 0.034
149 0 0.0349121 0.0324736 0.034
149 1 0.0349121 0.0324736 0.034
149 2 0.0349121 0.0324736 0.034
150 0 0.0342921 0.0423503 0.034
151 0 0.0444336 0.0319759 0.034
151 1 0.0444336 0.0319759 0.034
152 0 0.0441663 0.0412048 0.034
157 0 0.0342746 0.0511842 0.034
159 0 0.0441663 0.0504216 0.034
161 0 0.0535742 0.0319878 0.034
161 1 0.0535742 0.0319878 0.034
162 0 0.0535742 0.0412715 0.034
163 0 0.0625738 0.0319878 0.034
163 1 0.0625738 0.0319878 0.034
164 0 0.0625738 0.0412715 0.034
169 0 0.0535742 0.050499 0.034
171 0 0.0625738 0.050499 0.034
194 0 0.0713476 0.00497721 0.034
196 0 0.0804883 0.00497721 0.034
197 0 0.0713476 0.0140007 0.034
198 0 0.0713477 0.0230241 0.034
198 1 0.0713477 0.0230241 0.034
199 0 0.0804883 0.0140007 0.034
200 0 0.0804883 0.0230241 0.034
200 1 0.0804883 0.0230241 0.034
206 0 0.0896289 0.00497721 0.034
208 0 0.0984592 0.00497721 0.034
209 0 0.0896289 0.0140006 0.034
210 0 0.0896289 0.0230241 0.034
210 1 0.0896289 0.0230241 0.034
211 0 0.0984592 0.0140006 0.034
212 0 0.0984592 0.0230241 0.034
212 1 0.0984592 0.0230241 0.034
212 2 0.0984592 0.0230241 0.034
229 0 0.0713477 0.0319878 0.034
229 1 0.0713477 0.0319878 0.034
230 0 0.0713477 0.0412715 0.034
231 0 0.0804883 0.0319878 0.034
231 1 0.0804883 0.0319878 0.034
232 0 0.0804883 0.0412715 0.034
237 0 0.0713477 0.050499 0.034
239 0 0.0804883 0.050499 0.034
241 0 0.0896289 0.0319878 0.034
241 1 0.0896289 0.0319878 0.034
242 0 0.0896289 0.0412715 0.034
243 0 0.0984592 0.0319878 0.034
243 1 0.0984592 0.0319878 0.034
243 2 0.0984592 0.0319878 0.034
244 0 0.0984592 0.0412715 0.034
249 0 0.0896289 0.050499 0.034
251 0 0.0984592 0.050499 0.034
274 0 0.107402 0.00497721 0.034
276 0 0.116543 0.00497721 0.034
277 0 0.107402 0.0140006 0.034
278 0 0.107402 0.0230241 0.034
278 1 0.107402 0.0230241 0.034
279 0 0.116543 0.0140006 0.034
280 0 0.116543 0.0230241 0.034
288 0 0.125126 0.00503369 0.034
295 0 0.125176 0.0140006 0.034
296 0 0.125176 0.0230241 0.034
315 0 0.107402 0.0319878 0.034
315 1 0.107402 0.0319878 0.034
316 0 0.107402 0.0412715 0.034
317 0 0.116543 0.0319878 0.034
318 0 0.116543 0.0412715 0.034
323 0 0.107402 0.050499 0.034
325 0 0.116543 0.050499 0.034
331 0 0.125176 0.0319878 0.034
332 0 0.125453 0.0414456 0.033983
341 0 0.125684 0.050499 0.034
52 0 0.00300183 0.0547763 0.00322904
54 0 0.0111122 0.0548635 0.00310586
60 0 0.0192738 0.0548906 0.0034161
62 0 0.027168 0.0548711 0.00305967
62 1 0.027168 0.0548711 0.00305967
73 0 0.0023282 0.0548363 0.0115525
74 0 0.00188318 0.054812 0.0205195
75 0 0.00981534 0.055 0.0116021
76 0 0.00880213 0.055 0.0205334
78 0 0.00237588 0.0548389 0.0294844
80 0 0.0104854 0.055 0.0294721
85 0 0.017917 0.055 0.0116615
86 0 0.0174688 0.055 0.0204697
87 0 0.026711 0.055 0.0115381
88 0 0.0266602 0.055 0.0205195
90 0 0.0190778 0.055 0.0294162
92 0 0.027168 0.055 0.0294844
92 1 0.027168 0.055 0.0294844
138 0 0.0353776 0.0548711 0.00305967
138 1 0.0353776 0.0548711 0.00305967
140 0 0.0444336 0.0548711 0.00305967
140 1 0.0444336 0.0548711 0.00305967
146 0 0.0535742 0.0548711 0.00305967
146 1 0.0535742 0.0548711 0.00305967
148 0 0.0625824 0.0548709 0.00305938
148 1 0.0625824 0.0548709 0.00305938
153 0 0.0353776 0.055 0.0114883
153 1 0.0353776 0.055 0.0114883
153 2 0.0353776 0.055 0.0114883
154 0 0.0353776 0.055 0.0205195
154 1 0.0353776 0.055 0.0205195
154 2 0.0353776 0.055 0.0205195
155 0 0.0444336 0.055 0.0114883
155 1 0.0444336 0.055 0.0114883
156 0 0.0444336 0.055 0.0205195
156 1 0.0444336 0.055 0.0205195
158 0 0.0353776 0.055 0.0294844
158 1 0.0353776 0.055 0.0294844
160 0 0.0444336 0.055 0.0294844
160 1 0.0444336 0.055 0.0294844
165 0 0.0535742 0.055 0.0114883
165 1 0.0535742 0.055 0.0114883
166 0 0.0535742 0.055 0.0205195
166 1 0.0535742 0.055 0.0205195
167 0 0.0625738 0.055 0.0114883
167 1 0.0625738 0.055 0.0114883
168 0 0.0625738 0.055 0.0205195
168 1 0.0625738 0.055 0.0205195
170 0 0.0535742 0.055 0.0294844
170 1 0.0535742 0.055 0.0294844
172 0 0.0625738 0.055 0.0294844
172 1 0.0625738 0.055 0.0294844
218 0 0.0713477 0.0548711 0.00305967
218 1 0.0713477 0.0548711 0.00305967
220 0 0.0804883 0.0548711 0.00305967
220 1 0.0804883 0.0548711 0.00305967
226 0 0.0896289 0.0548711 0.00305967
226 1 0.0896289 0.0548711 0.00305967
228 0 0.0984592 0.0548711 0.00305967
228 1 0.0984592 0.0548711 0.00305967
233 0 0.0713477 0.055 0.0114883
233 1 0.0713477 0.055 0.0114883
234 0 0.0713477 0.055 0.0205195
234 1 0.0713477 0.055 0.0205195
235 0 0.0804883 0.055 0.0114883
235 1 0.0804883 0.055 0.0114883
236 0 0.0804883 0.055 0.0205195
236 1 0.0804883 0.055 0.0205195
238 0 0.0713477 0.055 0.0294844
238 1 0.0713477 0.055 0.0294844
240 0 0.0804883 0.055 0.0294844
240 1 0.0804883 0.055 0.0294844
245 0 0.0896289 0.055 0.0114883
245 1 0.0896289 0.055 0.0114883
246 0 0.0896289 0.055 0.0205195
246 1 0.0896289 0.055 0.0205195
247 0 0.0984592 0.055 0.0114883
247 1 0.0984592 0.055 0.0114883
248 0 0.0984592 0.055 0.0205195
248 1 0.0984592 0.055 0.0205195
250 0 0.0896289 0.055 0.0294844
250 1 0.0896289 0.055 0.0294844
252 0 0.0984592 0.055 0.0294844
252 1 0.0984592 0.055 0.0294844
304 0 0.107402 0.0548711 0.00305967
304 1 0.107402 0.0548711 0.00305967
306 0 0.11624 0.0548615 0.00295101
312 0 0.124373 0.0548992 0.0033698
319 0 0.107402 0.055 0.0114883
320 0 0.106895 0.055 0.0205195
321 0 0.116035 0.055 0.0114883
322 0 0.115527 0.055 0.0205195
324 0 0.107402 0.055 0.0294844
324 1 0.107402 0.055 0.0294844
326 0 0.116035 0.055 0.0294844
335 0 0.124073 0.055 0.0116021
336 0 0.124006 0.055 0.0205195
342 0 0.12416 0.055 0.0294844
264 0 0.13 0.00611059 0.003866
267 0 0.13 0.014502 0.00401758
268 0 0.13 0.0230122 0.00401758
268 1 0.13 0.0230122 0.00401758
285 0 0.13 0.00536628 0.0117856
286 0 0.13 0.00547852 0.0205195
290 0 0.129995 0.00592886 0.0293545
291 0 0.13 0.0140007 0.0119863
292 0 0.13 0.0140006 0.0205195
293 0 0.13 0.0230235 0.0119867
294 0 0.13 0.0230241 0.0205195
297 0 0.129993 0.01438 0.029593
298 0 0.129994 0.0230241 0.0294975
298 1 0.129994 0.0230241 0.0294975
309 0 0.129998 0.0319762 0.0040139
309 1 0.129998 0.0319762 0.0040139
310 0 0.129852 0.0405543 0.00311348
313 0 0.129834 0.0485144 0.00306483
327 0 0.13 0.0319871 0.011986
328 0 0.13 0.0318866 0.0205195
329 0 0.13 0.040498 0.0114883
330 0 0.13 0.0403761 0.0205195
333 0 0.129993 0.0317801 0.0296275
333 1 0.129993 0.0317801 0.0296275
334 0 0.129995 0.0401729 0.0292517
337 0 0.13 0.048754 0.0114883
338 0 0.13 0.048754 0.0205195
343 0 0.13 0.0488039 0.0294313
314 0 0.129525 0.0541816 0.00316315
339 0 0.129607 0.0543806 0.0114883
340 0 0.129445 0.0544337 0.0205195
344 0 0.129607 0.0543806 0.0294844
